elapsed, window, n, min, mean, median, 95th, 99th, 99_9th, max, errors
5.000538, 5.000538, 6308, 64046, 101266.3, 98166, 130746, 161002, 192413, 214781, 84
10.000601, 5.000063, 6315, 63447, 101581.3, 98221, 133199, 158535, 191390, 210817, 91
15.000472, 4.999871, 6292, 64067, 101993.0, 98734, 133298, 156569, 180295, 193466, 95
20.001479, 5.001007, 6215, 63493, 102384.8, 98825, 133624, 157988, 178361, 203081, 75
25.001576, 5.000097, 6358, 64046, 101123.8, 98470, 128456, 149147, 180879, 196107, 73
30.001464, 4.999888, 6318, 63666, 101718.4, 98619, 130284, 151420, 169798, 187743, 85
35.000493, 4.999029, 6118, 63764, 104690.0, 99576, 145803, 163042, 184769, 193990, 77
40.00152, 5.001027, 5918, 63534, 105787.7, 99651, 145842, 225674, 352970, 445589, 83
45.000479, 4.998959, 5987, 63534, 110987.5, 99770, 170888, 306108, 517221, 640505, 68
50.001532, 5.001053, 6306, 63741, 102029.5, 98682, 134829, 160738, 177850, 197183, 82
55.000495, 4.998963, 6165, 63460, 103210.2, 99057, 138581, 159389, 178144, 190090, 81
60.000527, 5.000032, 6304, 63852, 101932.1, 98501, 132510, 156543, 174041, 195727, 82
65.001526, 5.000999, 6104, 63818, 104622.7, 98714, 146440, 213580, 260652, 288642, 63
70.000544, 4.999018, 6242, 63991, 105670.6, 99592, 149056, 210222, 260652, 288642, 77
75.001456, 5.000912, 6382, 63826, 100769.3, 98195, 126535, 153211, 172060, 183668, 97
80.001492, 5.000036, 6281, 63617, 102195.3, 98513, 134296, 156486, 173263, 197840, 86
85.001568, 5.000076, 6280, 63880, 101893.5, 98309, 134886, 160061, 198916, 219890, 84
90.00153, 4.999962, 6292, 64150, 102265.6, 98998, 133104, 154020, 172666, 182684, 86
95.001503, 4.999973, 6230, 63698, 102753.9, 98869, 136596, 159978, 184171, 198307, 91
100.001472, 4.999969, 6131, 64078, 104984.1, 99991, 142651, 170363, 193831, 221351, 70
105.00154, 5.000068, 6278, 64098, 103434.4, 98766, 142585, 165643, 192600, 221351, 80
110.001465, 4.999925, 6408, 63646, 100031.1, 97934, 121910, 151172, 191452, 203098, 103
115.001528, 5.000063, 6387, 63516, 100755.8, 98118, 125794, 153942, 181704, 201385, 82
120.001567, 5.000039, 6200, 63516, 102465.5, 98445, 137693, 159442, 199441, 241082, 83
125.001487, 4.99992, 6267, 64056, 103088.8, 99025, 137163, 163000, 192146, 241082, 86
130.001479, 4.999992, 6262, 63801, 102230.0, 98706, 132125, 155925, 172802, 198489, 79
135.001472, 4.999993, 5977, 63790, 106985.7, 100350, 151330, 201898, 251103, 267016, 79
140.001467, 4.999995, 6230, 63778, 103851.9, 98996, 138355, 173848, 239206, 252671, 70
145.001461, 4.999994, 6345, 63696, 102770.4, 98959, 134945, 159848, 196477, 206644, 75
150.001507, 5.000046, 6184, 63952, 103371.2, 99257, 135237, 156814, 182376, 191563, 88
155.001525, 5.000018, 6191, 64034, 103444.7, 99427, 137226, 158301, 181556, 196113, 83
160.001487, 4.999962, 6181, 63791, 103271.0, 99299, 140732, 162088, 176013, 183867, 90
165.001513, 5.000026, 6138, 64107, 104246.1, 99568, 140693, 160958, 185258, 194288, 99
170.001513, 5.0, 6227, 63507, 103413.7, 99232, 137207, 160013, 180674, 193441, 81
175.001466, 4.999953, 6226, 63546, 103052.5, 98766, 140248, 167778, 201277, 216376, 76
180.001541, 5.000075, 6199, 63800, 103808.0, 99321, 136952, 172874, 222528, 248143, 72
185.001482, 4.999941, 5817, 63861, 110141.5, 102585, 158355, 182097, 225556, 248143, 81
190.001552, 5.00007, 6125, 63621, 105811.7, 99891, 149902, 170321, 207383, 225556, 76
195.001568, 5.000016, 6095, 63994, 104462.4, 99426, 147104, 165493, 188264, 207290, 77
200.001528, 4.99996, 6064, 64261, 106113.5, 100536, 149674, 173298, 193866, 203246, 89
205.001542, 5.000014, 6149, 63468, 104559.9, 99747, 142827, 163778, 182564, 193100, 76
210.001536, 4.999994, 6298, 63795, 102199.0, 98713, 134113, 157235, 179797, 195134, 83
215.001477, 4.999941, 6219, 64084, 103043.9, 98829, 137722, 164532, 194478, 210181, 99
220.001579, 5.000102, 6154, 63806, 104309.2, 99001, 148811, 183250, 202992, 209454, 100
225.001481, 4.999902, 6183, 64150, 104873.1, 99358, 149254, 183278, 203399, 211789, 73
230.001459, 4.999978, 6102, 63406, 104655.8, 99901, 142628, 160369, 209562, 247969, 77
235.001454, 4.999995, 6166, 63859, 104191.0, 99656, 140148, 160848, 189782, 221564, 94
240.001543, 5.000089, 6215, 63986, 103408.4, 99238, 138548, 163346, 181320, 209177, 79
245.00145, 4.999907, 6416, 64126, 100481.0, 97975, 123968, 152846, 172528, 178740, 78
250.001585, 5.000135, 6196, 63745, 102622.5, 98917, 135282, 158024, 189579, 209582, 92
255.00155, 4.999965, 6297, 64313, 103168.9, 99117, 136028, 158593, 193092, 209582, 79
260.001491, 4.999941, 6229, 63578, 101949.1, 98719, 129231, 155309, 172772, 191981, 61
265.001454, 4.999963, 6026, 63782, 107365.3, 100767, 152661, 168313, 184866, 198481, 80
270.001528, 5.000074, 5990, 64218, 106656.5, 100154, 151972, 167952, 188357, 198341, 91
275.001583, 5.000055, 6389, 64444, 101250.8, 98207, 128274, 158650, 186780, 198341, 96
280.001542, 4.999959, 6039, 63779, 105161.9, 99677, 145585, 169138, 219207, 232478, 70
285.001544, 5.000002, 6344, 63966, 102179.0, 98621, 132162, 161512, 185522, 217332, 88
290.001495, 4.999951, 6400, 64053, 100261.1, 97900, 122425, 149310, 183337, 208814, 86
295.001522, 5.000027, 6160, 64121, 104186.1, 99779, 139969, 157053, 183337, 208814, 90
300.001551, 5.000029, 6318, 64239, 101182.4, 98310, 127073, 150474, 178480, 185768, 88
301.041651, 1.0401, 1499, 64239, 99085.5, 97204, 129120, 154705, 178359, 185768, 20
