elapsed, window, n, min, mean, median, 95th, 99th, 99_9th, max, errors
5.000492, 5.000492, 4047, 91460, 212257.7, 206364, 284957, 317222, 372992, 374266, 126
10.001452, 5.00096, 3819, 91685, 224343.6, 219336, 297228, 319335, 335004, 358901, 147
15.001398, 4.999946, 3939, 91657, 222517.8, 216852, 292507, 325640, 374822, 386518, 118
20.001416, 5.000018, 3901, 91573, 222270.9, 217470, 291353, 320472, 352738, 359826, 134
25.000412, 4.998996, 3873, 91551, 222909.8, 219088, 290215, 315776, 331075, 347824, 131
30.001356, 5.000944, 3792, 91428, 229276.4, 226205, 302671, 330617, 365239, 414209, 132
35.000343, 4.998987, 3713, 91432, 234673.2, 229378, 310770, 343301, 382835, 390212, 114
40.001444, 5.001101, 3868, 91594, 227173.6, 220501, 301665, 326675, 346053, 355217, 90
45.00035, 4.998906, 3884, 91520, 226668.2, 219966, 302903, 324133, 341231, 348483, 125
50.00141, 5.00106, 3764, 91650, 231277.8, 225320, 312895, 344741, 406148, 412580, 120
55.001402, 4.999992, 3563, 91604, 243410.8, 238727, 331627, 369995, 406148, 412580, 95
60.001378, 4.999976, 3675, 91416, 235053.6, 229068, 312020, 336923, 360010, 369011, 107
65.001459, 5.000081, 3661, 91529, 242892.3, 238556, 323621, 358129, 383153, 403318, 126
70.001414, 4.999955, 3647, 91248, 239525.1, 231575, 326328, 347555, 364308, 377172, 108
75.00048, 4.999066, 3674, 91613, 235743.2, 229756, 322074, 350434, 385700, 404666, 120
80.001368, 5.000888, 3546, 91549, 240714.8, 235707, 330339, 370686, 401302, 406305, 129
85.001505, 5.000137, 3701, 91423, 240340.1, 237056, 317889, 339859, 365232, 386250, 112
90.001466, 4.999961, 3672, 91614, 237189.4, 232303, 315431, 343449, 367699, 385556, 114
95.001392, 4.999926, 3644, 91508, 239139.1, 235437, 317745, 348155, 383678, 397293, 126
100.001388, 4.999996, 3580, 91448, 240564.4, 238785, 314496, 350967, 413761, 416250, 118
105.0014, 5.000012, 3691, 91505, 240275.2, 232922, 327970, 367188, 413761, 416250, 126
110.001468, 5.000068, 3619, 91506, 242346.8, 235801, 327843, 351513, 367049, 396862, 118
115.001463, 4.999995, 3638, 91231, 239048.3, 233641, 333762, 358696, 393467, 402148, 151
120.001455, 4.999992, 3654, 91393, 236104.7, 230277, 321769, 356390, 379789, 414363, 109
125.001371, 4.999916, 3553, 91617, 242481.2, 237986, 326783, 355543, 401712, 416785, 123
130.001377, 5.000006, 3593, 91437, 243839.7, 237190, 338845, 361854, 401727, 435822, 140
135.001473, 5.000096, 3573, 91692, 246402.8, 238124, 344607, 361380, 386542, 422201, 116
140.001429, 4.999956, 3614, 91692, 240077.7, 231591, 323458, 349196, 379715, 386773, 105
145.001449, 5.00002, 3629, 91755, 244558.6, 237861, 332712, 437542, 518509, 551682, 103
150.001408, 4.999959, 3686, 91565, 235052.6, 227558, 321903, 351625, 384835, 394062, 110
155.001398, 4.99999, 3684, 91613, 237913.0, 231951, 318664, 344892, 380507, 394482, 113
160.001454, 5.000056, 3736, 91555, 231456.6, 225413, 314857, 336498, 356232, 445239, 148
165.001349, 4.999895, 3679, 91661, 237748.8, 232911, 317676, 341702, 363653, 368999, 98
170.001401, 5.000052, 3828, 91626, 228994.3, 225750, 299595, 326777, 346613, 355416, 119
175.001348, 4.999947, 3915, 91356, 223917.1, 219254, 293210, 317067, 343854, 352334, 129
180.001333, 4.999985, 3697, 91725, 230322.6, 225019, 308354, 344563, 367016, 376422, 129
185.001394, 5.000061, 3829, 91610, 229666.5, 223329, 311201, 351840, 376422, 390732, 126
190.001337, 4.999943, 3770, 91609, 230594.9, 226673, 304799, 331635, 361960, 370094, 126
195.001479, 5.000142, 3709, 91796, 231295.3, 225898, 310261, 338935, 356810, 387689, 96
200.001439, 4.99996, 3698, 91581, 235620.8, 230764, 312266, 337670, 354284, 395942, 100
205.001379, 4.99994, 3518, 91661, 251369.1, 234081, 367473, 570010, 711480, 751358, 101
210.001404, 5.000025, 3322, 91159, 261097.3, 233658, 441103, 637403, 735256, 768925, 107
215.0014, 4.999996, 3607, 91585, 238636.0, 231164, 331307, 368067, 415027, 472034, 135
220.00142, 5.00002, 3769, 91539, 234017.0, 229815, 311646, 341095, 377470, 400806, 129
225.001448, 5.000028, 3772, 91539, 231014.8, 225994, 307083, 325700, 363810, 371832, 133
230.001333, 4.999885, 3643, 91681, 237891.7, 234344, 313719, 342708, 363192, 392953, 112
235.001329, 4.999996, 3770, 91478, 232365.9, 227783, 308344, 331346, 373098, 392953, 126
240.001461, 5.000132, 3768, 91557, 230263.5, 223596, 307908, 336013, 371262, 376764, 110
245.001337, 4.999876, 3727, 91531, 237970.4, 230393, 324770, 359273, 381872, 389012, 121
250.001392, 5.000055, 3773, 91420, 232566.4, 223889, 319959, 342656, 364221, 382102, 111
255.001382, 4.99999, 3742, 91646, 232072.1, 224137, 314819, 350069, 376663, 391526, 110
260.001394, 5.000012, 3744, 91576, 235393.2, 230085, 312663, 342990, 370505, 378293, 125
265.001457, 5.000063, 3797, 91609, 229065.4, 222853, 309833, 336443, 373014, 381485, 118
270.001453, 4.999996, 3774, 91552, 230951.5, 225812, 311301, 335033, 375038, 381118, 118
275.001485, 5.000032, 3742, 91627, 233432.0, 227605, 313257, 339267, 369155, 378014, 117
280.001374, 4.999889, 3806, 91308, 230381.5, 224575, 310319, 347693, 371570, 387999, 129
285.00141, 5.000036, 3724, 91308, 233596.7, 228071, 312820, 341233, 358205, 391544, 113
290.0014, 4.99999, 3667, 91535, 238532.4, 233598, 321565, 353790, 377878, 392533, 116
295.001341, 4.999941, 3753, 91327, 232736.2, 227872, 307838, 333157, 356289, 357842, 120
300.001418, 5.000077, 3716, 91535, 238309.1, 234873, 317297, 351228, 376700, 390540, 110
301.051546, 1.050128, 767, 91535, 236343.6, 233153, 313129, 347789, 376700, 390540, 30
