elapsed, window, n, min, mean, max, errors, median
5.000614, 5.000614,246, 0,682390, 4282985,0,488974
10.001618, 5.001004,1206, 91662,1.38288e+06, 7781581,0,1.06666e+06
15.001606, 4.999988,1588, 91203,783246, 6326046,0,537803
20.001615, 5.000009,1491, 90940,549360, 2988534,0,355113
25.001558, 4.999943,1529, 91267,664668, 3980412,0,463867
30.001612, 5.000054,1520, 91292,837409, 4506297,0,646473
35.001607, 4.999995,1391, 91292,887405, 4663543,0,667740
40.00161, 5.000003,1489, 91338,896658, 4718650,0,653769
45.001619, 5.000009,1415, 91188,896192, 4815838,0,607420
50.001614, 4.999995,1430, 91489,945667, 4998938,0,556514
55.00159, 4.999976,1365, 91033,992331, 5231940,0,745443
60.001617, 5.000027,1314, 91202,1.05101e+06, 5389139,0,836930
65.001486, 4.999869,1421, 91228,1.07687e+06, 5448105,0,817883
70.001571, 5.000085,1411, 91407,1.07111e+06, 5420633,0,924145
75.001556, 4.999985,1426, 91387,1.11126e+06, 5592242,0,906067
80.001602, 5.000046,1415, 91017,1.01109e+06, 5535779,0,662316
85.001655, 5.000053,1410, 91299,1.03595e+06, 5404860,0,737263
90.001631, 4.999976,1396, 91447,1.02429e+06, 5449713,0,756040
95.001561, 4.99993,1340, 91447,1.07161e+06, 5489145,0,866749
100.001611, 5.00005,1433, 91407,1.06959e+06, 5451554,0,882948
105.001657, 5.000046,1470, 91588,1.09708e+06, 5464927,0,918970
110.001563, 4.999906,1424, 91396,1.00532e+06, 5413981,0,666073
115.001514, 4.999951,1396, 91319,1.05331e+06, 5600226,0,728380
120.00156, 5.000046,1384, 91457,1.08454e+06, 5758385,0,810703
125.001608, 5.000048,1421, 91350,1.11113e+06, 5936069,0,779525
130.001558, 4.99995,1405, 91544,1.17548e+06, 5941541,0,957199
135.001573, 5.000015,1339, 91507,1.14249e+06, 6182823,0,797845
140.001489, 4.999916,1339, 91208,1.25467e+06, 6235597,0,1.05472e+06
145.001609, 5.00012,1367, 91604,1.17794e+06, 6096376,0,745574
150.001622, 5.000013,1436, 91517,1.13815e+06, 6004007,0,850091
155.001612, 4.99999,1405, 91642,1.15692e+06, 6099572,0,893683
160.001561, 4.999949,1398, 91602,1.20123e+06, 5984307,0,919119
165.00162, 5.000059,1366, 91533,1.18575e+06, 6151054,0,942935
170.00161, 4.99999,1377, 91762,1.21746e+06, 6154033,0,1.17242e+06
175.001502, 4.999892,1320, 91326,1.1102e+06, 5880106,0,811162
180.001618, 5.000116,1437, 91147,1.05908e+06, 5770750,0,835713
185.001562, 4.999944,1340, 91147,1.11994e+06, 5776890,0,814352
190.001527, 4.999965,1471, 91470,1.09721e+06, 5631724,0,964429
195.001624, 5.000097,1508, 91415,1.00968e+06, 5161168,0,888440
200.001616, 4.999992,1467, 91443,1.07235e+06, 5357536,0,972326
205.001563, 4.999947,1400, 91248,1.02819e+06, 5496438,0,736980
210.001561, 4.999998,1412, 91234,1.0092e+06, 5347495,0,721320
215.00152, 4.999959,1345, 91364,1.00558e+06, 5368043,0,749414
220.001615, 5.000095,1423, 91452,1.01416e+06, 5155006,0,805437
225.001964, 5.000349,1499, 91563,900333, 4923543,0,734481
230.001621, 4.999657,1465, 91394,882060, 4374344,0,729143
235.00153, 4.999909,1468, 91191,915251, 4681530,0,747226
240.001557, 5.000027,1427, 91198,954963, 4893174,0,827925
245.001563, 5.000006,1412, 91395,955255, 4912143,0,771457
250.001564, 5.000001,1435, 91253,913363, 4954215,0,513465
255.001558, 4.999994,1441, 91424,976943, 4983836,0,808582
260.001626, 5.000068,1454, 91423,1.03194e+06, 5238627,0,724377
265.001607, 4.999981,1396, 90971,1.04921e+06, 5364739,0,811900
270.001574, 4.999967,1416, 91545,999823, 5336665,0,752484
275.001562, 4.999988,1501, 91533,995573, 5035508,0,912135
280.001616, 5.000054,1499, 91398,990078, 4911567,0,796739
285.00161, 4.999994,1407, 91398,936620, 4893774,0,607120
290.001605, 4.999995,1416, 91111,980156, 5253983,0,702435
295.001615, 5.00001,1354, 91311,997298, 5220709,0,758676
300.001563, 4.999948,1439, 91332,988744, 5234536,0,685807
305.001626, 5.000063,1414, 91332,1.00959e+06, 5246363,0,722361
310.001556, 4.99993,1407, 91503,1.00617e+06, 5246363,0,818435
315.001612, 5.000056,1430, 91398,918269, 4883495,0,654184
320.001566, 4.999954,1503, 91050,954357, 4985832,0,761856
325.001557, 4.999991,1456, 91504,951571, 4809671,0,765435
330.00149, 4.999933,1447, 91534,923004, 4854094,0,559580
335.001608, 5.000118,1416, 91539,942615, 5107344,0,619845
340.001538, 4.99993,1372, 91516,1.04576e+06, 5464720,0,800081
345.001555, 5.000017,1430, 91535,1.06896e+06, 5517197,0,862802
350.001563, 5.000008,1378, 91444,1.02688e+06, 5321284,0,647324
355.001617, 5.000054,1449, 91423,1.07882e+06, 5536771,0,849092
360.001555, 4.999938,1406, 91359,1.10334e+06, 5695868,0,1.00288e+06
365.001612, 5.000057,1411, 91286,1.11001e+06, 5507139,0,1.00959e+06
370.001561, 4.999949,1363, 91418,1.11456e+06, 5486002,0,1.03313e+06
375.001612, 5.000051,1406, 91418,1.09287e+06, 5529277,0,830084
380.001553, 4.999941,1369, 91496,1.06264e+06, 5429552,0,836786
385.001503, 4.99995,1433, 91540,1.01744e+06, 5275900,0,888141
390.001569, 5.000066,1417, 91521,1.01505e+06, 5642129,0,648576
395.001649, 5.00008,1352, 91440,1.16109e+06, 5885231,0,998862
400.001561, 4.999912,1410, 91074,1.19636e+06, 5744227,0,1.14958e+06
405.001505, 4.999944,1374, 91620,1.10713e+06, 5693149,0,815618
410.001527, 5.000022,1431, 91465,1.10802e+06, 5554134,0,909637
415.001568, 5.000041,1417, 91364,1.08655e+06, 5586668,0,913290
420.001493, 4.999925,1352, 91466,1.0727e+06, 5532487,0,825127
425.001606, 5.000113,1405, 91509,1.05885e+06, 5495161,0,805019
430.001627, 5.000021,1431, 91479,1.02575e+06, 5429315,0,748646
435.001609, 4.999982,1497, 91070,1.01252e+06, 5468837,0,704105
440.001556, 4.999947,1400, 91451,1.00139e+06, 5241036,0,750218
445.001619, 5.000063,1476, 91502,1.07418e+06, 5533064,0,838984
450.001579, 4.99996,1456, 91617,1.01177e+06, 5394686,0,992498
455.001612, 5.000033,1417, 91627,913265, 5089808,0,608441
460.001562, 4.99995,1381, 91323,1.00533e+06, 5145025,0,916407
465.001609, 5.000047,1373, 91679,1.02579e+06, 5335821,0,822831
470.001575, 4.999966,1402, 91255,1.02381e+06, 5267021,0,706078
475.001605, 5.00003,1399, 91276,973260, 5199379,0,612975
480.001514, 4.999909,1435, 91418,1.00685e+06, 5261063,0,763564
485.001572, 5.000058,1455, 91418,1.04872e+06, 5206890,0,850911
490.001609, 5.000037,1451, 91317,1.04677e+06, 5340130,0,783328
495.001574, 4.999965,1412, 91497,1.05782e+06, 5343675,0,796009
500.001566, 4.999992,1418, 91582,961814, 5169083,0,795131
505.00156, 4.999994,1479, 91057,906322, 4779136,0,687941
510.001613, 5.000053,1431, 91434,955349, 4760285,0,662024
515.001613, 5.0,1440, 91654,994287, 5181930,0,773705
520.001612, 4.999999,1466, 91328,1.05096e+06, 5476943,0,899603
525.001605, 4.999993,1382, 91702,1.07022e+06, 5491600,0,835269
530.001562, 4.999957,1369, 91200,1.0614e+06, 5658180,0,743849
535.001604, 5.000042,1404, 91202,1.0996e+06, 5582461,0,950695
540.001544, 4.99994,1375, 91373,1.05146e+06, 5382708,0,835258
545.001564, 5.00002,1498, 91374,1.03101e+06, 5382708,0,770669
550.001559, 4.999995,1411, 91573,1.04562e+06, 5510186,0,656595
555.001609, 5.00005,1426, 91458,1.13628e+06, 5655045,0,974420
560.001497, 4.999888,1335, 91522,996632, 5527685,0,529057
565.001611, 5.000114,1506, 91240,974970, 5313471,0,599767
570.001607, 4.999996,1425, 91240,1.0272e+06, 5291362,0,775804
575.001499, 4.999892,1356, 91319,1.06487e+06, 5235449,0,850048
580.001618, 5.000119,1356, 91321,993823, 5508300,0,710521
585.001608, 4.99999,1382, 91404,1.16102e+06, 5895981,0,989801
590.001564, 4.999956,1417, 91110,1.12231e+06, 5804834,0,981234
595.001607, 5.000043,1340, 91311,1.07529e+06, 5529624,0,886114
600.001561, 4.999954,1449, 91258,1.10111e+06, 5515678,0,955993
605.001613, 5.000052,1437, 91421,1.03808e+06, 5496279,0,742186
610.001498, 4.999885,1327, 91496,1.12826e+06, 6678798,0,633200
615.001566, 5.000068,1267, 91842,1.45059e+06, 7625376,0,1.06682e+06
620.001629, 5.000063,1307, 92127,1.51906e+06, 7975462,0,1.31795e+06
625.001652, 5.000023,1290, 92127,1.50428e+06, 7853286,0,1.27293e+06
630.001672, 5.00002,1326, 91329,1.41719e+06, 7398117,0,1.38729e+06
635.001607, 4.999935,1479, 91306,1.25762e+06, 6783947,0,1.03185e+06
640.001622, 5.000015,1380, 91272,1.20481e+06, 6064711,0,985931
645.001607, 4.999985,1414, 91405,1.14147e+06, 5823819,0,1.09735e+06
650.00161, 5.000003,1447, 91520,1.04067e+06, 5586050,0,791011
655.001554, 4.999944,1439, 91230,1.0691e+06, 5587618,0,798294
660.001577, 5.000023,1416, 91074,1.12281e+06, 5639667,0,1.01272e+06
665.00157, 4.999993,1398, 91200,1.00209e+06, 5235078,0,900466
670.001611, 5.000041,1424, 91125,945298, 4881320,0,700985
675.00161, 4.999999,1428, 91293,1.02342e+06, 5041647,0,863094
680.001603, 4.999993,1446, 91490,991174, 5029059,0,779048
685.001492, 4.999889,1435, 91340,958452, 5033490,0,757806
690.001557, 5.000065,1417, 91561,974883, 4993560,0,822305
695.001485, 4.999928,1483, 91517,960348, 4892473,0,731462
700.001518, 5.000033,1438, 91384,866540, 4688254,0,574239
705.001561, 5.000043,1405, 91472,957180, 5200694,0,655719
710.001569, 5.000008,1558, 91405,1.03213e+06, 5493098,0,674503
715.00156, 4.999991,1689, 91284,476044, 2780218,0,309116
720.001566, 5.000006,1767, 91157,253262, 1327582,0,176452
725.001592, 5.000026,1683, 90920,205364, 1161042,0,168625
730.001497, 4.999905,1714, 91117,173420, 526999,0,157899
735.001596, 5.000099,1768, 91117,174223, 557828,0,163079
740.001615, 5.000019,1743, 91021,171429, 504682,0,153575
745.001554, 4.999939,1702, 91260,173983, 448217,0,158021
750.001557, 5.000003,1714, 90694,171177, 453038,0,149336
755.001557, 5.0,1815, 91054,169380, 483800,0,141203
760.001612, 5.000055,1736, 91054,175881, 526392,0,171768
765.001603, 4.999991,1754, 91120,168549, 537241,0,145225
770.001624, 5.000021,1704, 91044,173400, 378674,0,170357
775.001555, 4.999931,1726, 91063,172600, 492387,0,162738
780.001611, 5.000056,1729, 90866,172332, 473333,0,161253
785.001508, 4.999897,1744, 90878,172834, 459777,0,166774
790.001619, 5.000111,1720, 91026,178998, 707983,0,157375
795.001607, 4.999988,1711, 91062,181475, 625468,0,163401
800.001604, 4.999997,1709, 91169,196536, 1002193,0,156514
805.001607, 5.000003,1679, 91112,230739, 1059384,0,188398
810.001562, 4.999955,1727, 90947,198693, 859114,0,175406
815.001559, 4.999997,1761, 90929,177786, 628244,0,147026
820.001565, 5.000006,1797, 90929,171505, 441206,0,149401
825.001561, 4.999996,1703, 90990,169826, 465822,0,151244
830.001664, 5.000103,1690, 90833,174785, 516074,0,151653
835.001507, 4.999843,1748, 90997,173504, 541640,0,150471
840.001625, 5.000118,1776, 91088,174988, 510706,0,158218
845.001661, 5.000036,1731, 90926,181609, 588735,0,185271
850.001585, 4.999924,1800, 90984,178682, 587585,0,167800
855.001575, 4.99999,1686, 90926,172394, 491577,0,150849
860.001615, 5.00004,1707, 90872,183952, 622225,0,171171
865.00156, 4.999945,1729, 91057,175148, 435459,0,179842
870.001558, 4.999998,1744, 91154,167861, 384418,0,173744
875.001557, 4.999999,1728, 91095,176440, 532228,0,183773
880.001572, 5.000015,1707, 91069,185462, 789954,0,154234
885.001563, 4.999991,1814, 91155,188277, 789954,0,179463
890.001608, 5.000045,1735, 91056,191794, 688146,0,189638
895.001614, 5.000006,1733, 90874,194820, 911816,0,159318
900.001571, 4.999957,1653, 90980,170020, 436353,0,152913
901.031751, 1.03018,400, 90980,174755, 410432,0,158765

