elapsed, window, n, min, mean, median, 95th, 99th, 99_9th, max, errors
5.000474, 5.000474, 0, 0, 0, 0, 0, 0, 0, 0, 0
10.001511, 5.001037, 0, 0, 0, 0, 0, 0, 0, 0, 0
15.001452, 4.999941, 45, 64470, 66863.8, 66005, 70595, 80465, 80465, 80465, 0
20.006022, 5.00457, 279, 63546, 76672.1, 69430, 125290, 162984, 214616, 214616, 0
25.00143, 4.995408, 236, 64644, 384659.9, 239865, 1460390, 1799505, 1912513, 1912513, 0
30.004263, 5.002833, 229, 65782, 1348514.3, 1203582, 3504716, 3824563, 4177683, 4177683, 2
35.00048, 4.996217, 244, 63889, 1902729.9, 1991571, 4602678, 5074074, 5804452, 5804452, 2
40.001458, 5.000978, 265, 65826, 2319890.5, 2486077, 4881272, 6616124, 7208761, 7208761, 1
45.001515, 5.000057, 214, 65728, 2708162.4, 982741, 7691204, 8465128, 8956064, 8956064, 3
50.001488, 4.999973, 212, 70214, 3657468.9, 2201442, 10561588, 11160068, 11461470, 11461470, 2
55.00142, 4.999932, 255, 74153, 4917201.2, 5042527, 14064061, 14949895, 15634704, 15634704, 2
60.001527, 5.000107, 209, 74153, 6191075.5, 5387885, 15769583, 16399685, 21506778, 21506778, 2
65.001452, 4.999925, 199, 78544, 6158166.8, 6054473, 17250026, 18536536, 21116915, 21116915, 6
70.001387, 4.999935, 161, 78839, 7614979.9, 7668205, 19815061, 20013489, 20236280, 20236280, 4
75.001453, 5.000066, 138, 77734, 4922067.5, 4500442, 15523350, 19955705, 24583036, 24583036, 1
80.001384, 4.999931, 152, 83038, 8791872.7, 3449734, 24544000, 24863576, 24967602, 24967602, 3
85.001511, 5.000127, 150, 82316, 5772604.6, 2411076, 23991385, 24479272, 24519902, 24519902, 0
90.00154, 5.000029, 134, 83422, 5660062.7, 1912789, 19233773, 24498363, 25198105, 25198105, 0
95.001387, 4.999847, 160, 90339, 5412094.0, 670880, 20156883, 23465470, 23907434, 23907434, 3
100.001418, 5.000031, 142, 96121, 6521569.2, 304128, 23844435, 27332007, 36543038, 36543038, 1
105.001424, 5.000006, 133, 98669, 7444916.1, 7177100, 17936541, 25292868, 27892738, 27892738, 0
110.00147, 5.000046, 110, 97922, 5656723.9, 1281363, 21000324, 24418238, 34731146, 34731146, 3
115.001404, 4.999934, 98, 97922, 6064182.9, 3406004, 20445068, 21747087, 24418238, 24418238, 3
120.001505, 5.000101, 107, 105146, 6769178.0, 6820462, 19721474, 31512186, 31695661, 31695661, 3
125.001403, 4.999898, 93, 108434, 8036714.0, 6071541, 19827704, 27041969, 31695661, 31695661, 3
130.001413, 5.00001, 114, 107836, 6751126.2, 5396347, 20332526, 21217445, 27041969, 27041969, 0
135.001375, 4.999962, 73, 101687, 4640608.1, 885957, 18725286, 19171921, 19177014, 19177014, 1
140.001446, 5.000071, 85, 109208, 7040926.8, 6287047, 17910770, 17972607, 25525979, 25525979, 3
145.001404, 4.999958, 50, 114275, 3582567.6, 253794, 17769108, 17904559, 18023170, 18023170, 1
150.001405, 5.000001, 50, 114001, 7663832.4, 8504008, 18951840, 19965973, 22950227, 22950227, 3
155.001446, 5.000041, 53, 117492, 3852708.1, 1885216, 9489622, 16382903, 22950227, 22950227, 0
160.001409, 4.999963, 33, 130369, 3420798.0, 755993, 11728946, 15865936, 15865936, 15865936, 0
165.00151, 5.000101, 33, 95694, 2957438.9, 496786, 11542454, 12248036, 12248036, 12248036, 1
170.001461, 4.999951, 21, 116422, 3905885.7, 239987, 14326072, 14472450, 14472450, 14472450, 0
175.001401, 4.99994, 26, 100867, 5399886.3, 769793, 16509213, 19855026, 19855026, 19855026, 1
180.001457, 5.000056, 26, 139224, 5285250.8, 735419, 16692005, 16697420, 16697420, 16697420, 2
185.001451, 4.999994, 19, 128444, 4089951.9, 486915, 15095002, 16207503, 16207503, 16207503, 1
190.0014, 4.999949, 19, 151096, 3239816.7, 424101, 9265268, 9677923, 9677923, 9677923, 0
195.001406, 5.000006, 17, 124125, 2878665.6, 220328, 10252381, 11830590, 11830590, 11830590, 0
200.001448, 5.000042, 12, 104473, 3298359.6, 355612, 9845035, 10252381, 10252381, 10252381, 0
205.001453, 5.000005, 16, 158121, 2502928.2, 210835, 7851289, 13172414, 13172414, 13172414, 0
210.001402, 4.999949, 12, 158121, 5178254.3, 801845, 13292205, 13500644, 13500644, 13500644, 0
215.001452, 5.00005, 11, 130715, 4401216.1, 2448302, 7759773, 17695966, 17695966, 17695966, 0
220.001462, 5.00001, 8, 204671, 5933068.0, 2012434, 14415594, 17695966, 17695966, 17695966, 0
225.001404, 4.999942, 6, 137303, 3557089.9, 234943, 14415594, 14415594, 14415594, 14415594, 0
230.001399, 4.999995, 0, 0, 0, 0, 0, 0, 0, 0, 0
235.001417, 5.000018, 5, 154997, 2817944.3, 185990, 15160711, 15160711, 15160711, 15160711, 0
240.001406, 4.999989, 5, 134502, 6072902.2, 208488, 15191697, 15191697, 15191697, 15191697, 0
245.00145, 5.000044, 7, 133584, 8917277.6, 12072776, 18044306, 18044306, 18044306, 18044306, 0
250.001401, 4.999951, 8, 116451, 7243324.6, 280426, 16229226, 16229226, 16229226, 16229226, 0
255.0015, 5.000099, 5, 125970, 7718163.0, 166954, 15915125, 15915125, 15915125, 15915125, 0
260.001465, 4.999965, 6, 163938, 3355051.1, 221802, 11317734, 11317734, 11317734, 11317734, 0
265.001454, 4.999989, 0, 0, 0, 0, 0, 0, 0, 0, 0
270.001452, 4.999998, 0, 0, 0, 0, 0, 0, 0, 0, 0
275.00141, 4.999958, 0, 0, 0, 0, 0, 0, 0, 0, 0
280.001458, 5.000048, 0, 0, 0, 0, 0, 0, 0, 0, 0
285.001417, 4.999959, 0, 0, 0, 0, 0, 0, 0, 0, 0
290.001406, 4.999989, 0, 0, 0, 0, 0, 0, 0, 0, 0
295.001511, 5.000105, 0, 0, 0, 0, 0, 0, 0, 0, 0
300.001415, 4.999904, 0, 0, 0, 0, 0, 0, 0, 0, 0
301.18961, 1.188195, 0, 0, 0, 0, 0, 0, 0, 0, 0
