elapsed, window, total, successful, failed
5.000303, 5.000303,212693,212693,0
10.001282, 5.000979,64497,64497,0
15.001263, 4.999981,113149,113149,0
20.001304, 5.000041,84699,84699,0
25.00127, 4.999966,128400,128400,0
30.001313, 5.000043,80015,80015,0
35.001225, 4.999912,116657,116657,0
40.00128, 5.000055,96758,96758,0
45.001336, 5.000056,92114,92114,0
50.001313, 4.999977,107432,107432,0
55.001136, 4.999823,95998,95998,0
60.00128, 5.000144,114262,114262,0
65.001308, 5.000028,89550,89550,0
70.001335, 5.000027,114263,114263,0
75.001254, 4.999919,94867,94867,0
80.001266, 5.000012,103728,103728,0
85.001283, 5.000017,100540,100540,0
90.001278, 4.999995,100024,100024,0
95.001269, 4.999991,105875,105875,0
100.00129, 5.000021,95532,95532,0
105.001274, 4.999984,108349,108349,0
110.001216, 4.999942,96458,96458,0
115.001332, 5.000116,105841,105841,0
120.001187, 4.999855,98916,98916,0
125.001333, 5.000146,102725,102725,0
130.00121, 4.999877,101995,101995,0
135.001305, 5.000095,99784,99784,0
140.001222, 4.999917,104596,104596,0
145.001328, 5.000106,99019,99019,0
150.001328, 5.0,104791,104791,0
155.001312, 4.999984,99201,99201,0
160.001273, 4.999961,103857,103857,0
165.001264, 4.999991,100970,100970,0
170.001278, 5.000014,101759,101759,0
175.001279, 5.000001,102458,102458,0
180.001272, 4.999993,100672,100672,0
185.001323, 5.000051,103455,103455,0
190.001275, 4.999952,100268,100268,0
195.00128, 5.000005,103322,103322,0
200.001277, 4.999997,100545,100545,0
205.001278, 5.000001,102607,102607,0
210.001326, 5.000048,101555,101555,0
215.001272, 4.999946,101612,101612,0
220.001314, 5.000042,102434,102434,0
225.001174, 4.99986,101035,101035,0
230.001222, 5.000048,102495,102495,0
235.001224, 5.000002,101298,101298,0
240.001216, 4.999992,102234,102234,0
245.00131, 5.000094,101116,101116,0
250.001213, 4.999903,101827,101827,0
255.001224, 5.000011,101471,101471,0
260.001272, 5.000048,101764,101764,0
265.001273, 5.000001,102358,102358,0
270.001187, 4.999914,101487,101487,0
275.0012, 5.000013,102094,102094,0
280.001157, 4.999957,101604,101604,0
285.001135, 4.999978,101745,101745,0
290.001302, 5.000167,101835,101835,0
295.001181, 4.999879,101772,101772,0
300.001287, 5.000106,101571,101571,0
305.001226, 4.999939,101564,101564,0
310.001259, 5.000033,102055,102055,0
315.001303, 5.000044,101678,101678,0
320.001276, 4.999973,101631,101631,0
325.001228, 4.999952,101725,101725,0
330.001274, 5.000046,101687,101687,0
335.001286, 5.000012,101625,101625,0
340.00131, 5.000024,102047,102047,0
345.001317, 5.000007,101733,101733,0
350.001256, 4.999939,101664,101664,0
355.001249, 4.999993,101916,101916,0
360.001149, 4.9999,101845,101845,0
365.001275, 5.000126,101995,101995,0
370.001183, 4.999908,101593,101593,0
375.00128, 5.000097,102218,102218,0
380.001264, 4.999984,101671,101671,0
385.001275, 5.000011,101983,101983,0
390.001328, 5.000053,101786,101786,0
395.001272, 4.999944,101478,101478,0
400.001226, 4.999954,101701,101701,0
405.00118, 4.999954,101663,101663,0
410.001265, 5.000085,101873,101873,0
415.001294, 5.000029,101893,101893,0
420.001266, 4.999972,101958,101958,0
425.001154, 4.999888,102008,102008,0
430.001281, 5.000127,101597,101597,0
435.001311, 5.00003,101921,101921,0
440.001265, 4.999954,101776,101776,0
445.001312, 5.000047,101622,101622,0
450.00131, 4.999998,101635,101635,0
455.001279, 4.999969,101767,101767,0
460.001266, 4.999987,101954,101954,0
465.00135, 5.000084,101680,101680,0
470.001227, 4.999877,101755,101755,0
475.001269, 5.000042,101784,101784,0
480.001276, 5.000007,101720,101720,0
485.00127, 4.999994,101756,101756,0
490.001261, 4.999991,101777,101777,0
495.001277, 5.000016,101711,101711,0
500.001312, 5.000035,101878,101878,0
505.001311, 4.999999,101774,101774,0
510.001271, 4.99996,101694,101694,0
515.001168, 4.999897,101567,101567,0
520.00128, 5.000112,101846,101846,0
525.001308, 5.000028,101895,101895,0
530.001261, 4.999953,101703,101703,0
535.001329, 5.000068,101989,101989,0
540.001275, 4.999946,101718,101718,0
545.001278, 5.000003,101465,101465,0
550.001346, 5.000068,101642,101642,0
555.001271, 4.999925,101976,101976,0
560.001308, 5.000037,101746,101746,0
565.0013, 4.999992,101991,101991,0
570.001262, 4.999962,101786,101786,0
575.001222, 4.99996,101889,101889,0
580.001268, 5.000046,101434,101434,0
585.001178, 4.99991,101935,101935,0
590.001183, 5.000005,101841,101841,0
595.001273, 5.00009,101728,101728,0
600.001312, 5.000039,101747,101747,0
605.001185, 4.999873,101767,101767,0
610.001248, 5.000063,101983,101983,0
615.001143, 4.999895,101564,101564,0
620.001308, 5.000165,101963,101963,0
625.001323, 5.000015,102115,102115,0
630.001312, 4.999989,101754,101754,0
635.00132, 5.000008,101684,101684,0
640.001277, 4.999957,101846,101846,0
645.001277, 5.0,101871,101871,0
650.001325, 5.000048,101668,101668,0
655.001273, 4.999948,101933,101933,0
660.001285, 5.000012,101774,101774,0
665.001305, 5.00002,101585,101585,0
670.001223, 4.999918,101993,101993,0
675.001221, 4.999998,101901,101901,0
680.001302, 5.000081,101845,101845,0
685.00127, 4.999968,101613,101613,0
690.001316, 5.000046,101731,101731,0
695.001305, 4.999989,101575,101575,0
700.001226, 4.999921,101613,101613,0
705.001136, 4.99991,101973,101973,0
710.001342, 5.000206,101518,101518,0
715.001324, 4.999982,101832,101832,0
720.00116, 4.999836,102019,102019,0
725.001281, 5.000121,101891,101891,0
730.001202, 4.999921,101714,101714,0
735.001309, 5.000107,101764,101764,0
740.001272, 4.999963,101684,101684,0
745.001324, 5.000052,101424,101424,0
750.001287, 4.999963,102039,102039,0
755.001236, 4.999949,101880,101880,0
760.00122, 4.999984,101732,101732,0
765.001148, 4.999928,101885,101885,0
770.001222, 5.000074,102108,102108,0
775.001263, 5.000041,101855,101855,0
780.001214, 4.999951,101847,101847,0
785.001209, 4.999995,101984,101984,0
790.001276, 5.000067,101807,101807,0
795.00121, 4.999934,101865,101865,0
800.001273, 5.000063,102162,102162,0
805.001257, 4.999984,101778,101778,0
810.001268, 5.000011,101525,101525,0
815.001307, 5.000039,101697,101697,0
820.001267, 4.99996,102157,102157,0
825.001443, 5.000176,101761,101761,0
830.001253, 4.99981,101716,101716,0
835.00122, 4.999967,102108,102108,0
840.001267, 5.000047,101725,101725,0
845.001268, 5.000001,101548,101548,0
850.001301, 5.000033,101619,101619,0
855.001351, 5.00005,101821,101821,0
860.001275, 4.999924,101694,101694,0
865.001256, 4.999981,101750,101750,0
870.001303, 5.000047,101810,101810,0
875.001214, 4.999911,101892,101892,0
880.001224, 5.00001,102040,102040,0
885.001223, 4.999999,101761,101761,0
890.00124, 5.000017,101904,101904,0
895.001212, 4.999972,101859,101859,0
900.001245, 5.000033,101600,101600,0
901.273553, 1.272308,23526,23526,0

