elapsed, window, n, min, mean, max, errors, median
5.001062, 5.001062,0, 0,0, 0,0,0
10.000976, 4.999914,0, 0,0, 0,0,0
15.002083, 5.001107,3095, 63850,75769, 189945,2,75307.2
20.00108, 4.998997,15543, 63662,77395.5, 188966,3,76627.5
25.000973, 4.999893,17577, 63821,275266, 1798350,22,166790
30.002028, 5.001055,15629, 63879,665056, 5660189,113,351163
35.002065, 5.000037,13998, 64346,810653, 8739699,194,237968
40.001072, 4.999007,15275, 64558,1.17858e+06, 11773825,215,434234
45.001076, 5.000004,14323, 64459,1.40136e+06, 14466605,238,508449
50.001076, 5.0,13253, 65514,1.84579e+06, 20112023,178,511183
55.001073, 4.999997,14035, 65833,1.95677e+06, 18063963,218,354169
60.001015, 4.999942,12035, 65715,2.18637e+06, 25257588,182,257121
65.00208, 5.001065,11633, 66093,2.63698e+06, 26778129,149,342880
70.001072, 4.998992,11643, 67882,3.01942e+06, 27809008,155,308309
75.001077, 5.000005,10440, 68204,3.38837e+06, 35929221,147,331978
80.001066, 4.999989,10103, 68986,2.5888e+06, 35475221,185,453908
85.001065, 4.999999,9121, 71125,3.62138e+06, 42401844,161,390375
90.001064, 4.999999,9069, 76475,5.17894e+06, 47032061,144,451895
95.001074, 5.00001,7857, 75382,4.96549e+06, 42231093,131,294209
100.001043, 4.999969,7298, 79999,5.732e+06, 44444798,129,306288
105.001014, 4.999971,6241, 82506,4.70656e+06, 37567866,104,305714
110.001962, 5.000948,6417, 84029,4.41742e+06, 45482801,130,264016
115.002105, 5.000143,4982, 83759,5.03543e+06, 49536877,90,256903
120.00103, 4.998925,4607, 88456,4.92904e+06, 49536877,66,277157
125.00108, 5.00005,4056, 90143,4.86847e+06, 49652734,76,223553
130.001133, 5.000053,3567, 89618,4.09911e+06, 53818947,61,217452
135.00101, 4.999877,3423, 89787,5.4959e+06, 55517243,72,376770
140.002084, 5.001074,3163, 92230,4.69612e+06, 65322911,68,359921
145.001019, 4.998935,3011, 93472,4.37993e+06, 73055878,32,252447
150.002026, 5.001007,2823, 92899,4.38265e+06, 71428962,54,414812
155.002027, 5.000001,2443, 95677,2.75981e+06, 74141477,44,251013
160.002069, 5.000042,2684, 94111,6.90375e+06, 74141477,42,723667
165.001083, 4.999014,2178, 98509,4.43144e+06, 89202945,23,361026
170.001031, 4.999948,1694, 95156,3.61746e+06, 90338046,25,265942
175.00101, 4.999979,1473, 95367,1.10194e+06, 95509745,24,226917
180.001951, 5.000941,1386, 92439,4.62274e+06, 90124162,20,210457
185.002018, 5.000067,1645, 97949,1.04768e+07, 81667123,39,3.78341e+06
190.002043, 5.000025,1083, 101238,4.91213e+06, 32341631,15,1.06945e+06
195.00103, 4.998987,1292, 101490,6.3488e+06, 104731802,19,1.6226e+06
200.001077, 5.000047,752, 0,1.61317e+06, 85367287,11,332973
205.001069, 4.999992,801, 0,3.90915e+06, 33285085,11,574290
210.00102, 4.999951,605, 0,1.44125e+06, 84028365,11,367715
215.002021, 5.001001,525, 0,1.98582e+06, 84028365,10,214577
220.001999, 4.999978,468, 0,5.7402e+06, 97275782,7,1.47097e+06
225.002019, 5.00002,334, 0,848642, 105405235,6,270737
230.002015, 4.999996,441, 0,6.46547e+06, 114526197,11,1.7849e+06
235.002024, 5.000009,324, 0,3.76818e+06, 18240245,4,914399
240.001069, 4.999045,267, 0,3.64277e+06, 24479232,5,1.82565e+06
245.001035, 4.999966,216, 0,8.57127e+06, 164606802,7,2.88049e+06
250.001112, 5.000077,248, 0,1.09302e+07, 166987324,8,2.9716e+06
255.000988, 4.999876,110, 0,5.84741e+06, 153520818,3,1.46958e+06
260.001961, 5.000973,180, 0,6.28572e+06, 129832587,4,2.29148e+06
265.002077, 5.000116,109, 0,3.26189e+06, 144221147,3,1.25449e+06
270.001023, 4.998946,77, 0,2.98566e+06, 32196680,4,606427
275.001004, 4.999981,41, 0,1.84482e+07, 180094129,2,2.75513e+06
280.002061, 5.001057,79, 0,1.75136e+07, 194557617,4,2.96432e+06
285.001096, 4.999035,62, 0,6.72131e+06, 138579852,1,898500
290.00107, 4.999974,46, 0,2.68205e+07, 198455651,0,6.19264e+06
295.001133, 5.000063,23, 0,4.72545e+06, 42210907,4,231808
300.001031, 4.999898,58, 0,2.71469e+07, 199184445,3,1.03052e+07
301.196227, 1.195196,4, 0,2.14976e+07, 190782500,0,3.09475e+06

