elapsed, window, n, min, mean, max, errors, median
5.00147, 5.00147,26112, 63915,135079, 246797,133,135932
10.000425, 4.998955,26215, 63570,136378, 286754,168,135727
15.00042, 4.999995,26129, 63363,136451, 306111,176,135820
20.00148, 5.00106,25936, 63309,137510, 287757,167,136776
25.00148, 5.0,25905, 63593,137821, 291362,169,136307
30.00042, 4.99894,26280, 63409,136805, 308655,166,135592
35.000419, 4.999999,25524, 63748,139765, 305562,154,136805
40.001414, 5.000995,26161, 63470,136750, 349020,165,135559
45.001423, 5.000009,24937, 64187,142823, 355423,140,137387
50.001459, 5.000036,26283, 64229,137376, 323283,155,135757
55.00142, 4.999961,25483, 63449,140144, 307583,180,137949
60.001426, 5.000006,26583, 64134,134614, 291919,136,134995
65.001369, 4.999943,26168, 63329,136434, 280635,172,135743
70.00042, 4.999051,26248, 63409,136180, 203698,157,136451
75.001411, 5.000991,25095, 63132,141908, 391393,154,137693
80.00142, 5.000009,26188, 63630,136651, 303436,172,136081
85.0015, 5.00008,25937, 64060,138364, 320363,146,136317
90.001483, 4.999983,26629, 63434,134674, 313235,142,134885
95.001481, 4.999998,26577, 63482,134452, 248722,148,134340
100.001479, 4.999998,25039, 63482,141928, 316232,153,137179
105.001479, 5.0,25756, 63632,140180, 324631,153,136625
110.001434, 4.999955,26357, 63441,135972, 290037,154,136167
115.001426, 4.999992,26211, 63443,136512, 203539,136,136651
120.001419, 4.999993,26142, 63684,136655, 205008,171,136799
125.001422, 5.000003,26184, 62902,136426, 282325,156,135338
130.001417, 4.999995,26474, 63422,135466, 299393,162,134912
135.001431, 5.000014,26123, 63060,136697, 280189,150,136222
140.00143, 4.999999,25532, 63437,139763, 332946,154,136778
145.001425, 4.999995,26043, 63472,137138, 367865,173,135081
150.001424, 4.999999,25605, 63844,138786, 325002,155,136023
155.001361, 4.999937,25806, 63720,138592, 320753,168,136693
160.001425, 5.000064,25333, 63065,140883, 312723,160,138469
165.001437, 5.000012,25562, 63065,140230, 315321,189,138502
170.001418, 4.999981,26240, 63868,136301, 294100,155,135743
175.001419, 5.000001,25761, 64193,138445, 243174,153,138123
180.00142, 5.000001,26560, 63459,134895, 211461,163,135114
185.00142, 5.0,25662, 63520,138971, 327701,160,137129
190.001416, 4.999996,26330, 63174,136114, 279057,139,135596
195.001401, 4.999985,26423, 63709,135411, 276350,144,135663
200.001425, 5.000024,26075, 63686,136947, 206579,147,136913
205.001416, 4.999991,26087, 63442,136867, 234726,163,136662
210.001414, 4.999998,25934, 63839,138354, 311459,124,136889
215.001419, 5.000005,25666, 63142,139209, 282422,149,137390
220.001419, 5.0,26180, 63222,136683, 307446,138,135649
225.001443, 5.000024,26377, 64172,135405, 229698,169,135551
230.001422, 4.999979,25683, 64081,139192, 306614,148,136466
235.001419, 4.999997,26138, 63735,136818, 250297,144,137073
240.001483, 5.000064,26055, 63355,137121, 277705,175,136573
245.001432, 4.999949,26164, 63486,137238, 303711,156,136160
250.001424, 4.999992,26042, 63710,137392, 297351,140,137077
255.001471, 5.000047,26504, 63710,135278, 268913,160,134734
260.001423, 4.999952,26556, 63994,134507, 238337,158,134493
265.001475, 5.000052,26106, 63350,137292, 311143,161,136096
270.001469, 4.999994,26124, 63508,136805, 289452,145,136381
275.001437, 4.999968,25836, 63508,138775, 288508,149,136466
280.001426, 4.999989,24842, 63453,143854, 311041,141,139343
285.001479, 5.000053,24923, 63453,143240, 320146,137,139592
290.00143, 4.999951,25642, 63115,139715, 319058,126,138150
295.001411, 4.999981,26659, 63708,134118, 272766,153,134606
300.001367, 4.999956,26004, 63290,137463, 298504,139,136476
301.034583, 1.033216,6195, 63290,132593, 298504,15,133475

