elapsed, window, n, min, mean, max, errors, median
5.001034, 5.001034,90234, 422,824.478, 18950,0,756.319
10.001039, 5.000005,5573, 481,17134.2, 3815233,0,718.012
15.00103, 4.999991,46198, 463,3623.53, 4868666,0,747.995
20.000981, 4.999951,41777, 442,772.137, 6561,0,721.951
25.001999, 5.001018,33663, 414,885.114, 28578,0,732.228
30.00199, 4.999991,14360, 459,759.749, 9137,0,713.43
35.001963, 4.999973,39015, 442,761.944, 14644,0,707.875
40.002089, 5.000126,27719, 455,756.202, 14644,0,701.746
45.000943, 4.998854,19383, 457,724.117, 9877,0,693.453
50.002037, 5.001094,30769, 430,741.925, 21220,0,693.04
55.001033, 4.998996,25774, 405,716.525, 8735,0,687.164
60.000908, 4.999875,29083, 443,714.493, 7340,0,686.119
65.002049, 5.001141,18785, 436,716.016, 7340,0,688.375
70.00103, 4.998981,30099, 450,709.185, 3145,0,684.452
75.000965, 4.999935,22768, 434,712.219, 11828,0,683.925
80.001972, 5.001007,23258, 417,710.88, 5480,0,684.211
85.002034, 5.000062,24712, 439,703.947, 3084,0,679.614
90.000967, 4.998933,23835, 434,705.544, 7205,0,679.8
95.002082, 5.001115,24927, 447,1387.95, 380376,0,683.684
100.001044, 4.998962,21025, 434,2458.08, 522292,0,686.082
105.000966, 4.999922,26126, 416,708.082, 13175,0,682.392
110.002043, 5.001077,21899, 425,708.62, 6118,0,680.698
115.001042, 4.998999,23893, 446,742.982, 12212,0,688.685
120.000997, 4.999955,22871, 419,722.161, 15153,0,683.199
125.001923, 5.000926,23533, 427,698.43, 4288,0,675.63
130.001944, 5.000021,23220, 422,723.623, 13460,0,679.204
135.002004, 5.00006,21907, 444,715.582, 5495,0,683.617
140.001935, 4.999931,24075, 404,703.688, 4145,0,678.088
145.002076, 5.000141,22054, 446,702.885, 4470,0,678.263
150.001043, 4.998967,23529, 0,756.595, 10627,0,688.579
155.001081, 5.000038,22321, 433,717.684, 15469,0,679.667
160.000985, 4.999904,23316, 443,737.734, 24144,0,682.476
165.001968, 5.000983,22578, 428,717.42, 9256,3,681.666
170.002238, 5.00027,22800, 437,704.399, 5163,0,677.795
175.001042, 4.998804,23046, 429,703.49, 3586,0,679.637
180.001077, 5.000035,22428, 427,702.601, 6633,0,677.877
185.001032, 4.999955,23220, 0,705.943, 7107,0,679.97
190.001032, 5.0,22290, 435,708.356, 5834,0,679.091
195.000952, 4.99992,23188, 435,704.681, 5228,0,679.789
200.001992, 5.00104,22533, 0,701.564, 8807,0,676.241
205.001903, 4.999911,22682, 0,782.918, 58017,0,677.127
210.001955, 5.000052,22635, 0,708.081, 58017,0,674.087
215.001981, 5.000026,22900, 0,696.176, 2424,0,673.373
220.002042, 5.000061,23049, 0,700.799, 6834,0,675.34
225.001011, 4.998969,22491, 0,705.645, 5519,0,678.716
230.002042, 5.001031,23153, 0,707.351, 24146,0,677.301
235.001027, 4.998985,22328, 0,4902.32, 735192,0,688.04
240.000989, 4.999962,23076, 0,715.194, 13428,0,675.911
245.00199, 5.001001,22589, 0,734.25, 25835,1,673.534
250.002042, 5.000052,22837, 0,712.418, 9059,0,675.236
255.000901, 4.998859,22875, 0,709.374, 7128,0,677.744
260.002014, 5.001113,22883, 0,702.22, 7618,0,675.331
265.001989, 4.999975,22765, 0,699.534, 11168,0,675.416
270.00203, 5.000041,22855, 0,696.467, 4934,0,674.133
275.000915, 4.998885,22965, 0,695.848, 2681,0,671.962
280.002036, 5.001121,22720, 0,697.222, 5093,0,672.397
285.000975, 4.998939,22925, 0,699.703, 7098,0,676.432
290.002042, 5.001067,22804, 0,696.74, 4524,0,673.468
295.001042, 4.999,22774, 0,696.269, 11301,0,673.024
300.000907, 4.999865,22676, 0,699.581, 4457,0,675.623
305.001991, 5.001084,22580, 0,692.972, 3476,0,671.342
310.001983, 4.999992,22903, 0,696.102, 4079,0,671.956
315.002028, 5.000045,22794, 0,693.182, 6550,0,670.718
320.00103, 4.999002,22678, 0,696.547, 6979,0,673.979
325.001041, 5.000011,22629, 0,696.824, 6649,0,674.082
330.001033, 4.999992,22579, 0,695.683, 7744,0,672.987
335.001043, 5.00001,22702, 0,699.073, 5759,0,674.155
340.001076, 5.000033,22861, 0,699.822, 9200,0,673.705
345.000985, 4.999909,22893, 0,699.452, 7038,0,677.028
350.001966, 5.000981,22756, 0,698.568, 9638,0,674.742
355.001971, 5.000005,22681, 0,749.835, 26677,0,681.302
360.002044, 5.000073,22890, 0,705.57, 10036,0,678.322
365.00102, 4.998976,22887, 0,705.752, 9365,0,679.956
370.002043, 5.001023,22811, 0,703.15, 8212,0,677.208
375.000917, 4.998874,22916, 0,719.297, 13739,0,680.949
380.002033, 5.001116,22758, 0,726.113, 7914,0,680.18
385.001085, 4.999052,22568, 0,708.221, 7734,0,679.148
390.001031, 4.999946,22807, 0,698.474, 3677,0,677.331
395.001065, 5.000034,22727, 0,723.841, 13634,0,678.201
400.000984, 4.999919,22743, 0,716.343, 12077,0,676.252
405.00209, 5.001106,22707, 0,717.46, 11024,0,677.169
410.001039, 4.998949,22681, 0,699.297, 8185,0,674.384
415.001915, 5.000876,22662, 0,724.327, 11203,0,676.604
420.002063, 5.000148,22911, 0,696.554, 9916,0,671.954
425.001031, 4.998968,22970, 0,694.439, 10103,0,671.117
430.001044, 5.000013,22873, 0,693.569, 8929,0,668.158
435.001034, 4.99999,22743, 0,697.763, 7788,0,672.175
440.001031, 4.999997,22838, 0,692.631, 3593,0,670.002
445.000985, 4.999954,22630, 0,695.992, 8625,0,669.917
450.002064, 5.001079,22887, 0,699.225, 9602,0,674.062
455.001031, 4.998967,22899, 0,694.033, 3046,0,672.566
460.00108, 5.000049,22736, 0,695.398, 3322,0,672.978
465.001039, 4.999959,22761, 0,699.179, 7407,0,675.281
470.00091, 4.999871,22940, 0,697.3, 7407,0,674.267
475.001921, 5.001011,22845, 0,743.546, 18993,0,679.209
480.002029, 5.000108,22777, 0,719.946, 20837,0,676.997
485.001029, 4.999,22883, 0,698.383, 5174,0,675.089
490.001001, 4.999972,22821, 0,708.215, 9216,0,676.166
495.00194, 5.000939,22693, 0,699.19, 6699,0,673.899
500.001935, 4.999995,22835, 0,709.316, 10227,0,676.461
505.001914, 4.999979,22763, 0,724.793, 13356,0,680.567
510.001986, 5.000072,22914, 0,707.766, 11048,0,674.818
515.001981, 4.999995,22991, 0,716.892, 11461,0,676.276
520.002083, 5.000102,23073, 0,699.44, 6822,0,673.352
525.000911, 4.998828,22885, 0,698.261, 4066,0,674.209
530.002089, 5.001178,22809, 0,694.63, 10654,0,671.326
535.00094, 4.998851,22804, 0,696.346, 3012,0,674.613
540.00208, 5.00114,23021, 0,699.265, 2585,0,675.148
545.00095, 4.99887,22713, 0,696.885, 4109,0,673.071
550.002089, 5.001139,22971, 0,694.2, 3699,0,672.213
555.001014, 4.998925,22731, 0,697.477, 5236,0,673.739
560.002, 5.000986,22742, 0,697.653, 5700,0,673.097
565.00199, 4.99999,22881, 0,692.224, 8273,0,670.139
570.001937, 4.999947,22886, 0,708.736, 9541,0,674.807
575.002013, 5.000076,22895, 0,706.706, 9900,0,674.253
580.00208, 5.000067,22875, 0,695.723, 8042,0,672.242
585.000926, 4.998846,23038, 0,696.334, 5752,0,673.996
590.001982, 5.001056,22984, 0,697.31, 5150,0,675.038
595.002026, 5.000044,22792, 0,728.082, 8186,0,677.706
600.000916, 4.99889,22939, 0,714.887, 13965,0,675.724
605.002033, 5.001117,23066, 0,717.062, 13884,0,676.962
610.001041, 4.999008,22915, 0,715.595, 7067,0,676.687
615.001021, 4.99998,22841, 0,721.723, 10871,0,672.925
620.002055, 5.001034,22830, 0,715.843, 20449,0,671.979
625.001041, 4.998986,22992, 0,692.433, 2485,0,671.386
630.00104, 4.999999,22796, 0,690.658, 6459,0,669.802
635.000967, 4.999927,22752, 0,691.84, 6459,0,670.427
640.00199, 5.001023,22817, 0,695.679, 17080,0,672.381
645.002044, 5.000054,22825, 0,696.232, 10438,0,672.189
650.001043, 4.998999,22932, 0,3860.4, 513975,0,677.173
655.001038, 4.999995,22791, 0,723.31, 31545,0,671.419
660.001048, 5.00001,22636, 0,689.894, 3457,0,668.886
665.000926, 4.999878,22701, 0,693.229, 2736,0,672.062
670.002073, 5.001147,22673, 0,693.498, 15829,0,672.251
675.00103, 4.998957,22799, 0,693.281, 4879,0,673.208
680.000989, 4.999959,22735, 0,695.027, 4198,0,674.507
685.002042, 5.001053,22709, 0,698.025, 3574,0,675.361
690.000913, 4.998871,22635, 0,695.431, 2951,0,674.799
695.002087, 5.001174,22885, 0,696.064, 6109,0,674.241
700.000994, 4.998907,22803, 0,695.662, 8516,0,671.192
705.002064, 5.00107,22478, 0,695.862, 5647,0,675.47
710.001026, 4.998962,22871, 0,697.038, 5574,0,674.963
715.000918, 4.999892,22544, 0,743.009, 18888,0,679.697
720.001991, 5.001073,22496, 0,708.79, 9030,0,677.606
725.002036, 5.000045,22600, 0,697.27, 6928,0,675.766
730.001044, 4.999008,22546, 0,719.861, 16483,0,677.687
735.000987, 4.999943,22477, 0,709.909, 11003,0,678.422
740.002078, 5.001091,22715, 0,698.922, 17070,0,674.798
745.000993, 4.998915,22692, 0,707.171, 7631,0,675.843
750.001989, 5.000996,22785, 0,724.604, 10856,0,674.763
755.001968, 4.999979,22800, 0,699.207, 9602,0,675.346
760.002033, 5.000065,22690, 0,701.58, 12138,0,675.271
765.00199, 4.999957,22828, 0,729.745, 19696,0,677.299
770.001979, 4.999989,22945, 0,716.515, 8527,0,674.652
775.002021, 5.000042,22981, 0,696.797, 3628,0,675.007
780.001039, 4.999018,22641, 0,729.267, 24232,0,673.65
785.001019, 4.99998,22538, 0,695.074, 14128,0,672.701
790.002031, 5.001012,22734, 0,700.201, 9371,0,671.993
795.001066, 4.999035,22917, 0,694.63, 8453,0,672.281
800.000915, 4.999849,22858, 0,695.569, 10028,0,671.744
805.001941, 5.001026,22754, 0,692.611, 6432,0,670.304
810.00198, 5.000039,22737, 0,690.889, 4935,0,669.254
815.001981, 5.000001,22889, 0,692.068, 12329,0,670.296
820.002049, 5.000068,22531, 0,697.491, 11847,0,673.269
825.001033, 4.998984,22859, 0,693.263, 4099,0,673.464
830.001094, 5.000061,22808, 0,699.005, 5141,0,675.035
835.001068, 4.999974,22779, 0,733.796, 13819,0,676.858
840.001054, 4.999986,22949, 0,699.473, 7018,0,672.465
845.001041, 4.999987,22962, 0,716.263, 13258,0,673.395
850.000911, 4.99987,22788, 0,704.309, 12443,0,671.747
855.00198, 5.001069,22486, 0,690.775, 9580,0,670.324
860.002029, 5.000049,23002, 0,692.702, 2601,0,672.516
865.001032, 4.999003,22693, 0,694.812, 4264,0,673.122
870.0009, 4.999868,22724, 0,689.73, 4264,0,669.679
875.001914, 5.001014,22819, 0,695.244, 5118,0,671.302
880.001978, 5.000064,22716, 0,691.835, 6317,0,670.242
885.002042, 5.000064,22853, 0,692.427, 6317,0,671.488
890.000981, 4.998939,22624, 0,694.36, 6034,0,672.522
895.001992, 5.001011,22751, 0,698.824, 3184,0,675.621
900.001991, 4.999999,22967, 0,693.458, 7700,0,671.477
901.252133, 1.250142,5563, 0,690.245, 7700,0,668.574

