elapsed, window, total, successful, failed
5.001034, 5.001034,328223,328223,0
10.001039, 5.000005,82734,82734,0
15.00103, 4.999991,174676,174676,0
20.000981, 4.999951,129279,129279,0
25.001999, 5.001018,179419,179419,0
30.00199, 4.999991,110403,110403,0
35.001963, 4.999973,158882,158882,0
40.002089, 5.000126,129565,129565,0
45.000943, 4.998854,113219,113219,0
50.002037, 5.001094,138476,138476,0
55.001033, 4.998996,120180,120180,0
60.000908, 4.999875,138273,138273,0
65.002049, 5.001141,106393,106393,0
70.00103, 4.998981,134447,134447,0
75.000965, 4.999935,111165,111165,0
80.001972, 5.001007,116014,116014,0
85.002034, 5.000062,116259,116259,0
90.000967, 4.998933,112837,112837,0
95.002082, 5.001115,118501,118501,0
100.001044, 4.998962,105683,105683,0
105.000966, 4.999922,119333,119333,0
110.002043, 5.001077,106219,106219,0
115.001042, 4.998999,113668,113668,0
120.000997, 4.999955,108136,108136,0
125.001923, 5.000926,110497,110497,0
130.001944, 5.000021,110186,110186,0
135.002004, 5.00006,106513,106513,0
140.001935, 4.999931,112015,112015,0
145.002076, 5.000141,105692,105683,9
150.001043, 4.998967,110278,110269,9
155.001081, 5.000038,105688,105688,0
160.000985, 4.999904,109147,109147,0
165.001968, 5.000983,106658,106637,21
170.002238, 5.00027,106916,106913,3
175.001042, 4.998804,107880,107880,0
180.001077, 5.000035,105888,105888,0
185.001032, 4.999955,108214,108214,0
190.001032, 5.0,105610,105609,1
195.000952, 4.99992,107990,107990,0
200.001992, 5.00104,106272,106269,3
205.001903, 4.999911,107219,107215,4
210.001955, 5.000052,106611,106611,0
215.001981, 5.000026,106410,106407,3
220.002042, 5.000061,106954,106954,0
225.001011, 4.998969,105825,105824,1
230.002042, 5.001031,107693,107692,1
235.001027, 4.998985,105810,105809,1
240.000989, 4.999962,106994,106994,0
245.00199, 5.001001,106566,106564,2
250.002042, 5.000052,107240,107236,4
255.000901, 4.998859,106760,106760,0
260.002014, 5.001113,106526,106526,0
265.001989, 4.999975,106882,106882,0
270.00203, 5.000041,106253,106253,0
275.000915, 4.998885,107078,107078,0
280.002036, 5.001121,106128,106128,0
285.000975, 4.998939,106951,106951,0
290.002042, 5.001067,106364,106364,0
295.001042, 4.999,106538,106538,0
300.000907, 4.999865,106611,106611,0
305.001991, 5.001084,106563,106563,0
310.001983, 4.999992,106840,106840,0
315.002028, 5.000045,106502,106502,0
320.00103, 4.999002,107039,107039,0
325.001041, 5.000011,106502,106502,0
330.001033, 4.999992,106676,106676,0
335.001043, 5.00001,106735,106735,0
340.001076, 5.000033,106633,106633,0
345.000985, 4.999909,106650,106650,0
350.001966, 5.000981,106524,106524,0
355.001971, 5.000005,106624,106624,0
360.002044, 5.000073,106406,106406,0
365.00102, 4.998976,106574,106574,0
370.002043, 5.001023,106415,106415,0
375.000917, 4.998874,106801,106801,0
380.002033, 5.001116,106470,106470,0
385.001085, 4.999052,106193,106193,0
390.001031, 4.999946,107090,107090,0
395.001065, 5.000034,106388,106388,0
400.000984, 4.999919,106653,106653,0
405.00209, 5.001106,106706,106706,0
410.001039, 4.998949,106628,106628,0
415.001915, 5.000876,106685,106685,0
420.002063, 5.000148,106857,106857,0
425.001031, 4.998968,106695,106695,0
430.001044, 5.000013,106368,106368,0
435.001034, 4.99999,106580,106580,0
440.001031, 4.999997,106588,106588,0
445.000985, 4.999954,106726,106726,0
450.002064, 5.001079,106719,106719,0
455.001031, 4.998967,107016,107016,0
460.00108, 5.000049,106453,106453,0
465.001039, 4.999959,106556,106556,0
470.00091, 4.999871,106537,106537,0
475.001921, 5.001011,106805,106805,0
480.002029, 5.000108,106538,106538,0
485.001029, 4.999,106685,106685,0
490.001001, 4.999972,106753,106753,0
495.00194, 5.000939,106533,106533,0
500.001935, 4.999995,106603,106603,0
505.001914, 4.999979,106638,106638,0
510.001986, 5.000072,106698,106698,0
515.001981, 4.999995,106576,106576,0
520.002083, 5.000102,107024,107024,0
525.000911, 4.998828,106370,106370,0
530.002089, 5.001178,106370,106370,0
535.00094, 4.998851,106938,106938,0
540.00208, 5.00114,106466,106466,0
545.00095, 4.99887,106446,106446,0
550.002089, 5.001139,106454,106454,0
555.001014, 4.998925,106965,106965,0
560.002, 5.000986,106632,106632,0
565.00199, 4.99999,106644,106644,0
570.001937, 4.999947,107072,107072,0
575.002013, 5.000076,106710,106710,0
580.00208, 5.000067,106547,106547,0
585.000926, 4.998846,106662,106662,0
590.001982, 5.001056,106412,106412,0
595.002026, 5.000044,106520,106520,0
600.000916, 4.99889,106692,106692,0
605.002033, 5.001117,106612,106612,0
610.001041, 4.999008,106786,106786,0
615.001021, 4.99998,106346,106346,0
620.002055, 5.001034,106546,106546,0
625.001041, 4.998986,107086,107086,0
630.00104, 4.999999,106448,106448,0
635.000967, 4.999927,106569,106569,0
640.00199, 5.001023,107084,107084,0
645.002044, 5.000054,106887,106887,0
650.001043, 4.998999,106771,106771,0
655.001038, 4.999995,106642,106642,0
660.001048, 5.00001,106699,106699,0
665.000926, 4.999878,106575,106575,0
670.002073, 5.001147,106806,106806,0
675.00103, 4.998957,106694,106694,0
680.000989, 4.999959,106846,106846,0
685.002042, 5.001053,106638,106638,0
690.000913, 4.998871,106514,106514,0
695.002087, 5.001174,106651,106651,0
700.000994, 4.998907,106789,106789,0
705.002064, 5.00107,106749,106749,0
710.001026, 4.998962,106498,106498,0
715.000918, 4.999892,106696,106696,0
720.001991, 5.001073,106863,106863,0
725.002036, 5.000045,106692,106692,0
730.001044, 4.999008,106482,106482,0
735.000987, 4.999943,106581,106581,0
740.002078, 5.001091,107095,107095,0
745.000993, 4.998915,106580,106580,0
750.001989, 5.000996,106457,106457,0
755.001968, 4.999979,106949,106949,0
760.002033, 5.000065,106619,106619,0
765.00199, 4.999957,106373,106373,0
770.001979, 4.999989,106405,106405,0
775.002021, 5.000042,106825,106825,0
780.001039, 4.999018,106408,106408,0
785.001019, 4.99998,106675,106675,0
790.002031, 5.001012,106968,106968,0
795.001066, 4.999035,106970,106970,0
800.000915, 4.999849,106705,106705,0
805.001941, 5.001026,106682,106682,0
810.00198, 5.000039,107172,107172,0
815.001981, 5.000001,106691,106691,0
820.002049, 5.000068,106481,106481,0
825.001033, 4.998984,106961,106961,0
830.001094, 5.000061,106876,106876,0
835.001068, 4.999974,106584,106584,0
840.001054, 4.999986,106762,106762,0
845.001041, 4.999987,106719,106719,0
850.000911, 4.99987,106242,106242,0
855.00198, 5.001069,106621,106621,0
860.002029, 5.000049,107080,107080,0
865.001032, 4.999003,106388,106388,0
870.0009, 4.999868,106491,106491,0
875.001914, 5.001014,106620,106620,0
880.001978, 5.000064,106686,106686,0
885.002042, 5.000064,106769,106769,0
890.000981, 4.998939,106593,106593,0
895.001992, 5.001011,106763,106763,0
900.001991, 4.999999,106763,106763,0
901.252133, 1.250142,25933,25933,0

