elapsed, window, n, min, mean, median, 95th, 99th, 99_9th, max, errors
5.000487, 5.000487, 197, 150808, 1237959.1, 1022124, 3017240, 3987457, 4098050, 4098050, 0
10.00149, 5.001003, 184, 150610, 1474853.7, 1176453, 3845114, 5362766, 7085205, 7085205, 0
15.001473, 4.999983, 140, 150414, 673696.5, 223822, 2252195, 5900251, 5922157, 5922157, 0
20.001481, 5.000008, 148, 150292, 488112.5, 227386, 1131583, 2338762, 2835907, 2835907, 0
25.001483, 5.000002, 131, 150431, 698023.3, 335745, 2344536, 3812197, 3945123, 3945123, 0
30.00147, 4.999987, 135, 150754, 851335.5, 303567, 3092369, 4322344, 4338895, 4338895, 0
35.001407, 4.999937, 143, 150898, 830412.2, 481235, 2452136, 3092369, 4102735, 4102735, 0
40.001422, 5.000015, 133, 150625, 832212.1, 495530, 1809676, 4102735, 4343900, 4343900, 0
45.001489, 5.000067, 132, 150714, 1102515.0, 962362, 4237465, 4733523, 4763149, 4763149, 0
50.001519, 5.00003, 150, 150486, 941767.6, 551142, 1918313, 4820303, 4863210, 4863210, 0
55.001415, 4.999896, 131, 150479, 929485.4, 391062, 2064143, 5061726, 5106609, 5106609, 0
60.00146, 5.000045, 148, 150662, 1059522.8, 579401, 2281867, 5305489, 5365764, 5365764, 0
65.001426, 4.999966, 131, 150804, 1071118.5, 331210, 5079905, 5356527, 5386596, 5386596, 0
70.001415, 4.999989, 143, 150995, 907263.4, 332513, 2168061, 5255213, 5358034, 5358034, 0
75.001419, 5.000004, 126, 150610, 1081130.3, 447468, 2486248, 5467209, 5515083, 5515083, 0
80.001481, 5.000062, 133, 150598, 1012740.5, 398515, 2168266, 5324017, 5335611, 5335611, 0
85.001427, 4.999946, 147, 150545, 1004912.8, 468127, 2240191, 5334922, 5379520, 5379520, 0
90.00147, 5.000043, 109, 150520, 1231990.8, 860702, 5328193, 5437825, 5473129, 5473129, 0
95.001477, 5.000007, 132, 150806, 1181099.8, 418472, 5388338, 5500128, 5508084, 5508084, 0
100.001474, 4.999997, 156, 150501, 1016404.9, 295529, 3604201, 5340226, 5383610, 5383610, 0
105.001424, 4.99995, 121, 150732, 1046722.6, 469366, 2396205, 5316982, 5439642, 5439642, 0
110.001527, 5.000103, 145, 150314, 980152.8, 389390, 2117715, 5333123, 5357352, 5357352, 0
115.001433, 4.999906, 134, 150814, 988650.8, 512586, 2219305, 4953635, 5491964, 5491964, 0
120.001429, 4.999996, 112, 150967, 1252717.8, 1045967, 5556862, 5685268, 5728413, 5728413, 0
125.00143, 5.000001, 142, 150753, 1359761.8, 1328436, 5634253, 5754326, 5795815, 5795815, 0
130.001429, 4.999999, 97, 151039, 1304101.1, 406288, 5784279, 5882114, 5889342, 5889342, 0
135.001443, 5.000014, 130, 150727, 962723.0, 334155, 2242957, 5915113, 5932885, 5932885, 0
140.001508, 5.000065, 136, 150864, 1209802.4, 477792, 3166988, 6211939, 6223052, 6223052, 0
145.001502, 4.999994, 130, 150947, 1191324.4, 1099412, 2414062, 5886962, 6132530, 6132530, 0
150.001468, 4.999966, 115, 151261, 1194449.6, 800565, 2293266, 5938288, 5939242, 5939242, 0
155.001424, 4.999956, 125, 150761, 1150405.3, 378643, 3052157, 6024959, 6059145, 6059145, 0
160.00148, 5.000056, 114, 150714, 891073.3, 332487, 2131868, 5770751, 5817066, 5817066, 0
165.001481, 5.000001, 122, 151037, 1205974.4, 450150, 4021496, 6121538, 6147896, 6147896, 0
170.001433, 4.999952, 119, 150483, 1442410.2, 946190, 6066145, 6127825, 6147896, 6147896, 0
175.001429, 4.999996, 129, 150683, 1026650.8, 494722, 2256396, 5676877, 5698998, 5698998, 0
180.001485, 5.000056, 136, 150547, 1101046.6, 635641, 2681493, 5568797, 5709304, 5709304, 0
185.001497, 5.000012, 132, 150452, 993762.5, 428715, 2369503, 5700124, 5738754, 5738754, 0
190.001506, 5.000009, 144, 150598, 1076524.6, 906325, 2174309, 5288096, 5483172, 5483172, 0
195.001421, 4.999915, 130, 150999, 1009530.0, 945770, 2017077, 4853986, 5073779, 5073779, 0
200.001478, 5.000057, 120, 150730, 1034146.7, 383175, 2324040, 5337487, 5347597, 5347597, 0
205.001444, 4.999966, 128, 150844, 1008746.9, 444480, 2015133, 5390208, 5408403, 5408403, 0
210.001439, 4.999995, 134, 150642, 924019.2, 507037, 2015133, 5235689, 5430670, 5430670, 0
215.001426, 4.999987, 118, 150768, 949600.9, 456209, 2082319, 2362090, 5086032, 5086032, 0
220.001484, 5.000058, 124, 151092, 986692.1, 465829, 2030167, 4966849, 5085453, 5085453, 0
225.001451, 4.999967, 152, 150502, 835680.7, 404333, 1823671, 4445160, 4759089, 4759089, 0
230.001513, 5.000062, 128, 150798, 796110.5, 413437, 1718058, 4329118, 4330458, 4330458, 0
235.001485, 4.999972, 134, 150384, 784652.9, 387915, 1821750, 4458397, 4599212, 4599212, 0
240.001428, 4.999943, 116, 150753, 842281.2, 479596, 1800144, 1960504, 4724762, 4724762, 0
245.001429, 5.000001, 140, 151108, 811284.4, 418060, 1749676, 4591416, 4737983, 4737983, 0
250.001421, 4.999992, 132, 150746, 951815.9, 426678, 1860246, 4919464, 4949035, 4949035, 0
255.001433, 5.000012, 125, 150799, 1104398.8, 996343, 4771393, 4970886, 4981125, 4981125, 0
260.00145, 5.000017, 138, 150919, 1169729.6, 1163335, 2325957, 5137032, 5171330, 5171330, 0
265.00151, 5.00006, 114, 150390, 1019459.0, 754828, 2287654, 5193446, 5341450, 5341450, 0
270.001496, 4.999986, 128, 150844, 976313.7, 344705, 2180738, 5261189, 5277290, 5277290, 0
275.001406, 4.99991, 137, 150768, 896736.5, 651310, 1893817, 4742949, 4750754, 4750754, 0
280.001426, 5.00002, 121, 150507, 1063795.4, 962379, 1975191, 4810027, 4922063, 4922063, 0
285.001445, 5.000019, 121, 150588, 1107861.8, 884403, 4762946, 4889400, 4891067, 4891067, 0
290.001474, 5.000029, 116, 150534, 1055723.7, 807660, 2036787, 5162095, 5264914, 5264914, 0
295.001432, 4.999958, 127, 150517, 954308.5, 414458, 2054767, 5167295, 5168832, 5168832, 0
300.001431, 4.999999, 140, 150858, 938986.2, 453059, 2142482, 5022302, 5236833, 5236833, 0
305.001473, 5.000042, 129, 150698, 1080768.3, 428302, 4871737, 5189313, 5253567, 5253567, 0
310.001477, 5.000004, 148, 150328, 831203.8, 229070, 1917991, 5056157, 5071397, 5071397, 0
315.001476, 4.999999, 140, 150328, 877083.1, 440198, 1855398, 4684135, 4741458, 4741458, 0
320.001475, 4.999999, 136, 150491, 968390.2, 470799, 2049539, 4940890, 4958623, 4958623, 0
325.00147, 4.999995, 147, 150793, 894206.4, 469136, 1843898, 4698803, 4747393, 4747393, 0
330.001501, 5.000031, 144, 150565, 999753.3, 591759, 1946549, 4792689, 4818983, 4818983, 0
335.001447, 4.999946, 128, 150315, 864104.5, 389570, 1945780, 4865652, 4922296, 4922296, 0
340.001513, 5.000066, 127, 150632, 1093681.0, 913665, 2189522, 5382145, 5501473, 5501473, 0
345.001481, 4.999968, 137, 150958, 901333.2, 329560, 2097747, 5320528, 5323376, 5323376, 0
350.001474, 4.999993, 127, 150604, 998157.8, 385874, 2258075, 5320528, 5323376, 5323376, 0
355.001472, 4.999998, 149, 150618, 1084255.5, 1265103, 2045423, 2187612, 5392327, 5392327, 0
360.001399, 4.999927, 137, 150479, 1161223.0, 546519, 5278683, 5558167, 5658122, 5658122, 0
365.001447, 5.000048, 133, 150566, 1003668.1, 408908, 2405051, 5415325, 5422418, 5422418, 0
370.001416, 4.999969, 149, 150269, 1269898.0, 1010056, 5320612, 5408097, 5464700, 5464700, 0
375.001426, 5.00001, 149, 150515, 1114658.2, 623764, 2333739, 5460511, 5469234, 5469234, 0
380.001425, 4.999999, 134, 150953, 1007580.4, 550186, 2192269, 5288117, 5299609, 5299609, 0
385.001476, 5.000051, 137, 150367, 981082.1, 392634, 2228146, 5184745, 5284577, 5284577, 0
390.001473, 4.999997, 128, 150709, 1159947.5, 1063251, 2353691, 5342934, 5583273, 5583273, 0
395.001438, 4.999965, 145, 151064, 1266739.8, 1014202, 5496607, 5736133, 5778584, 5778584, 0
400.001476, 5.000038, 131, 150774, 913620.7, 483253, 2171176, 3862316, 5485107, 5485107, 0
405.001438, 4.999962, 117, 150955, 1092927.4, 437654, 2513877, 5588713, 5685276, 5685276, 0
410.001475, 5.000037, 110, 150466, 1166396.5, 513480, 5377177, 5509424, 5515698, 5515698, 0
415.001496, 5.000021, 136, 150466, 1198492.4, 1021343, 2507368, 5515833, 5574254, 5574254, 0
420.001478, 4.999982, 123, 150566, 1189202.7, 833561, 5320810, 5477420, 5529869, 5529869, 0
425.00145, 4.999972, 120, 150886, 927285.7, 326849, 2316195, 5373298, 5396534, 5396534, 0
430.001473, 5.000023, 127, 150807, 1067127.8, 727202, 2098981, 5274161, 5292749, 5292749, 0
435.001432, 4.999959, 133, 150871, 1034076.5, 1000897, 2212176, 5126781, 5265624, 5265624, 0
440.001468, 5.000036, 131, 151068, 876975.3, 366604, 2059723, 5116284, 5239826, 5239826, 0
445.001482, 5.000014, 116, 150866, 1154946.1, 770048, 2351343, 5461928, 5470737, 5470737, 0
450.001475, 4.999993, 117, 151089, 933821.6, 649773, 1894372, 4957795, 5084374, 5084374, 0
455.001481, 5.000006, 134, 150531, 893119.8, 273111, 2078763, 4986767, 5010228, 5010228, 0
460.001471, 4.99999, 112, 150679, 1081641.6, 464212, 4927983, 5124433, 5139815, 5139815, 0
465.001513, 5.000042, 123, 150653, 1060427.1, 721265, 2260576, 5252244, 5289088, 5289088, 0
470.001475, 4.999962, 106, 150913, 1030755.0, 605859, 2169639, 5162408, 5211283, 5211283, 0
475.001441, 4.999966, 128, 150322, 865822.3, 343271, 2045061, 4899782, 5157047, 5157047, 0
480.001424, 4.999983, 143, 150645, 1085417.2, 436308, 5022483, 5218703, 5272123, 5272123, 0
485.001436, 5.000012, 135, 150644, 1032288.4, 431442, 3450402, 5113567, 5171019, 5171019, 0
490.001469, 5.000033, 132, 151220, 899460.9, 345625, 1989047, 2338427, 5224604, 5224604, 0
495.001418, 4.999949, 145, 150977, 1018636.2, 449952, 2338427, 5236084, 5333173, 5333173, 0
500.001443, 5.000025, 128, 150835, 1119198.5, 698992, 4748680, 4891619, 5075001, 5075001, 0
505.001474, 5.000031, 123, 150834, 750602.1, 232925, 1853990, 4747735, 4748680, 4748680, 0
510.001425, 4.999951, 124, 150475, 1006200.1, 886765, 1929517, 4729186, 4737771, 4737771, 0
515.00142, 4.999995, 127, 150647, 1020567.1, 482320, 2057004, 5177369, 5240755, 5240755, 0
520.00142, 5.0, 133, 150620, 1021221.8, 491877, 2233943, 5389716, 5447963, 5447963, 0
525.001424, 5.000004, 110, 150620, 1156170.2, 1019868, 2179075, 5451415, 5472175, 5472175, 0
530.001427, 5.000003, 138, 150423, 1145018.9, 615504, 2275522, 5606344, 5631934, 5631934, 0
535.00143, 5.000003, 117, 150869, 1036573.9, 464033, 2386744, 5435214, 5602725, 5602725, 0
540.001512, 5.000082, 119, 150537, 816920.2, 284236, 2032913, 4935908, 5309029, 5309029, 0
545.001474, 4.999962, 137, 150758, 949815.0, 445081, 2058632, 5330528, 5356169, 5356169, 0
550.001414, 4.99994, 113, 150774, 1056354.0, 425791, 2374620, 5365172, 5432067, 5432067, 0
555.001458, 5.000044, 134, 150512, 1141289.0, 456450, 3763806, 5656372, 5666520, 5666520, 0
560.001432, 4.999974, 146, 150595, 986049.5, 365414, 2329933, 5430571, 5433986, 5433986, 0
565.001495, 5.000063, 132, 150706, 1062680.3, 478641, 2151332, 5228053, 5266055, 5266055, 0
570.001479, 4.999984, 111, 150496, 1009477.0, 616754, 1972301, 5194499, 5227365, 5227365, 0
575.001472, 4.999993, 116, 150577, 999424.6, 725852, 1969919, 5133327, 5146883, 5146883, 0
580.001449, 4.999977, 110, 150671, 948302.3, 237097, 4846298, 5326105, 5345784, 5345784, 0
585.001424, 4.999975, 142, 150946, 1301218.9, 704832, 5597809, 5859781, 5863834, 5863834, 0
590.001487, 5.000063, 136, 150441, 1069992.9, 733345, 2239301, 5434798, 5753564, 5753564, 0
595.001455, 4.999968, 117, 150344, 1151977.8, 1062607, 2509167, 5483446, 5486736, 5486736, 0
600.001437, 4.999982, 125, 150798, 1060024.6, 420992, 2290099, 5418858, 5514689, 5514689, 0
605.001505, 5.000068, 125, 150602, 978250.9, 332897, 2167917, 5407908, 5420035, 5420035, 0
610.001492, 4.999987, 128, 150891, 1247974.5, 805310, 2540252, 6035415, 6510341, 6510341, 0
615.001475, 4.999983, 117, 151124, 1465027.5, 1368475, 2884454, 4496270, 7292168, 7292168, 0
620.001436, 4.999961, 121, 151035, 1534621.1, 485278, 4696990, 7812724, 7816240, 7816240, 0
625.001427, 4.999991, 116, 151123, 1651939.6, 1888842, 4829356, 7754581, 7795172, 7795172, 0
630.001493, 5.000066, 112, 151526, 1389800.1, 1587838, 2618057, 6774168, 7095225, 7095225, 0
635.001494, 5.000001, 136, 150693, 1279149.0, 575687, 2590694, 6774168, 6782353, 6782353, 0
640.001422, 4.999928, 129, 150810, 1110265.3, 406545, 2304010, 5838251, 5866660, 5866660, 0
645.001507, 5.000085, 150, 151174, 1076428.0, 406545, 2230450, 5619344, 5755724, 5755724, 0
650.001434, 4.999927, 132, 150445, 1201753.6, 871848, 3692133, 5556104, 5576477, 5576477, 0
655.001459, 5.000025, 122, 150482, 1050201.4, 382226, 2423011, 5504265, 5579464, 5579464, 0
660.001434, 4.999975, 126, 150905, 1101502.9, 472533, 2565056, 5579464, 5592812, 5592812, 0
665.001445, 5.000011, 130, 150580, 868203.3, 368529, 1900661, 5287128, 5391566, 5391566, 0
670.001391, 4.999946, 131, 150500, 904141.1, 371382, 1821256, 4799779, 4875621, 4875621, 0
675.001488, 5.000097, 107, 150333, 1024054.0, 537579, 1982128, 4992562, 5020959, 5020959, 0
680.001455, 4.999967, 124, 150702, 950767.8, 391360, 1945166, 4867590, 4873436, 4873436, 0
685.001473, 5.000018, 118, 150468, 848320.9, 322850, 2076134, 4841287, 4862021, 4862021, 0
690.001428, 4.999955, 145, 150687, 923913.4, 448156, 1934058, 4825671, 4873798, 4873798, 0
695.00144, 5.000012, 119, 150967, 1000923.4, 473711, 1908218, 4857270, 4910602, 4910602, 0
700.001429, 4.999989, 127, 150773, 995568.0, 565698, 4411187, 4596183, 4642937, 4642937, 0
705.001425, 4.999996, 139, 150439, 938111.6, 283241, 2222473, 4932303, 5166263, 5166263, 0
710.001473, 5.000048, 153, 150767, 919569.1, 381784, 2333126, 5290332, 5424923, 5424923, 0
715.001414, 4.999941, 167, 150242, 394206.3, 272213, 986985, 1629103, 2387327, 2387327, 0
720.001476, 5.000062, 182, 150495, 288265.3, 273560, 556422, 1163464, 1242595, 1242595, 0
725.001437, 4.999961, 167, 150285, 253745.2, 228169, 475783, 647354, 1078235, 1078235, 0
730.001426, 4.999989, 173, 150341, 225451.1, 261986, 307395, 327523, 351511, 351511, 0
735.001493, 5.000067, 172, 150173, 221205.0, 185978, 304093, 324447, 480071, 480071, 0
740.001427, 4.999934, 163, 150222, 228218.0, 255038, 312546, 381718, 499874, 499874, 0
745.001429, 5.000002, 201, 150306, 227394.8, 248647, 311847, 364439, 419066, 419066, 0
750.001487, 5.000058, 152, 150318, 220011.4, 162804, 305496, 334957, 376398, 376398, 0
755.001475, 4.999988, 177, 150311, 219468.5, 153179, 304949, 380809, 440052, 440052, 0
760.001424, 4.999949, 180, 150240, 219354.7, 153174, 319184, 385554, 478185, 478185, 0
765.001506, 5.000082, 158, 150174, 222386.9, 242321, 304155, 340052, 385643, 385643, 0
770.00148, 4.999974, 184, 150339, 224803.8, 249324, 305204, 339040, 371486, 371486, 0
775.001464, 4.999984, 172, 150328, 221282.6, 174576, 303867, 367253, 450775, 450775, 0
780.001428, 4.999964, 174, 150271, 215626.6, 152295, 306136, 386730, 468185, 468185, 0
785.001472, 5.000044, 183, 150277, 229407.4, 251659, 316878, 407275, 446226, 446226, 0
790.001498, 5.000026, 178, 150249, 224970.9, 184038, 360101, 412061, 695466, 695466, 0
795.001483, 4.999985, 167, 150168, 216824.5, 152057, 345187, 411773, 547030, 547030, 0
800.001488, 5.000005, 159, 150127, 240401.1, 211191, 411768, 607034, 890881, 890881, 0
805.00143, 4.999942, 185, 150377, 280512.3, 280561, 529423, 1011563, 1034360, 1034360, 0
810.001475, 5.000045, 175, 150343, 238551.1, 221043, 423836, 739898, 811589, 811589, 0
815.001473, 4.999998, 186, 150343, 231666.0, 227991, 351245, 555633, 669491, 669491, 0
820.001452, 4.999979, 182, 150212, 222252.8, 185410, 306906, 353997, 416552, 416552, 0
825.001441, 4.999989, 195, 150353, 218902.7, 170387, 305976, 335206, 350278, 350278, 0
830.001484, 5.000043, 162, 150235, 219764.8, 190718, 305086, 356877, 415896, 415896, 0
835.001425, 4.999941, 163, 150123, 221901.5, 188589, 324070, 394628, 520495, 520495, 0
840.001466, 5.000041, 176, 150113, 227714.1, 243784, 336263, 429990, 456454, 456454, 0
845.001437, 4.999971, 164, 150222, 223442.2, 226884, 306053, 393194, 555662, 555662, 0
850.001486, 5.000049, 163, 150303, 224520.2, 201015, 324274, 400962, 424347, 424347, 0
855.0015, 5.000014, 165, 150496, 228734.1, 215198, 338561, 427476, 447190, 447190, 0
860.001466, 4.999966, 182, 150411, 237570.3, 262459, 334545, 563104, 587804, 587804, 0
865.001421, 4.999955, 184, 150366, 217402.9, 152693, 305051, 344675, 397863, 397863, 0
870.001404, 4.999983, 172, 150209, 215459.2, 152336, 303552, 314129, 362545, 362545, 0
875.001425, 5.000021, 145, 150247, 226095.9, 222196, 327524, 386845, 430254, 430254, 0
880.001422, 4.999997, 139, 150379, 238366.3, 252385, 383920, 717858, 763988, 763988, 0
885.001442, 5.00002, 167, 150224, 243507.3, 268892, 400293, 482669, 763988, 763988, 0
890.001522, 5.00008, 167, 150278, 243564.6, 261704, 382599, 605907, 707677, 707677, 0
895.001421, 4.999899, 183, 150278, 250994.5, 259844, 440201, 608101, 761558, 761558, 0
900.001469, 5.000048, 193, 150278, 218560.1, 154560, 305236, 338293, 380077, 380077, 0
901.027625, 1.026156, 34, 150278, 218089.6, 154560, 305110, 347501, 380077, 380077, 0
