elapsed, window, n, min, mean, median, 95th, 99th, 99_9th, max, errors
5.000757, 5.000757, 192, 151340, 1862172.6, 1393021, 4165845, 4366479, 4570935, 4570935, 0
10.001785, 5.001028, 150, 150875, 1663989.3, 1337723, 4321357, 6230735, 7241084, 7241084, 0
15.001765, 4.99998, 167, 150587, 671989.7, 289761, 2250557, 5491111, 6230735, 6230735, 0
20.001777, 5.000012, 141, 150441, 565661.9, 284249, 1660722, 2455091, 2898599, 2898599, 0
25.001765, 4.999988, 137, 150582, 768881.3, 525115, 2717530, 3665839, 3856162, 3856162, 0
30.001745, 4.99998, 134, 150720, 831756.4, 638644, 2097629, 4316599, 4459210, 4459210, 0
35.001743, 4.999998, 150, 151029, 1025678.0, 735893, 2666672, 4608227, 4697704, 4697704, 0
40.001744, 5.000001, 132, 150534, 942805.2, 420567, 3146714, 4597420, 4668020, 4668020, 0
45.001751, 5.000007, 154, 150541, 899736.1, 559230, 1903508, 4496142, 4662828, 4662828, 0
50.001698, 4.999947, 125, 150541, 1008212.5, 469575, 2094190, 4966903, 5014318, 5014318, 0
55.001699, 5.000001, 138, 150391, 1056150.4, 496076, 2053286, 5077383, 5104056, 5104056, 0
60.001779, 5.00008, 141, 150286, 1090604.2, 478756, 5077383, 5341470, 5379090, 5379090, 0
65.001728, 4.999949, 127, 150455, 1031364.0, 522552, 2095862, 5314858, 5382211, 5382211, 0
70.001704, 4.999976, 113, 151370, 1019320.2, 402222, 2281295, 5301154, 5363948, 5363948, 0
75.001699, 4.999995, 137, 150863, 1215346.8, 747830, 5318665, 5510530, 5517455, 5517455, 0
80.0017, 5.000001, 125, 150223, 1053692.4, 466944, 2299400, 5264537, 5271794, 5271794, 0
85.001753, 5.000053, 158, 150496, 1019268.3, 482917, 2139822, 5264537, 5368275, 5368275, 0
90.001702, 4.999949, 106, 150602, 1148050.5, 1163886, 2306257, 5385915, 5458484, 5458484, 0
95.001784, 5.000082, 119, 150443, 1078872.7, 390994, 5360506, 5444250, 5448991, 5448991, 0
100.001748, 4.999964, 130, 150497, 1190400.8, 929261, 2334602, 5293281, 5363196, 5363196, 0
105.001758, 5.00001, 150, 150555, 1213063.8, 1216556, 2485000, 5349439, 5461601, 5461601, 0
110.001756, 4.999998, 128, 150693, 1220679.3, 847437, 5330222, 5367198, 5374307, 5374307, 0
115.001699, 4.999943, 114, 150772, 1083759.4, 518495, 2438323, 5538624, 5564667, 5564667, 0
120.0017, 5.000001, 135, 150677, 1017338.4, 533101, 2153093, 5586658, 5627422, 5627422, 0
125.001748, 5.000048, 122, 150727, 1259175.1, 705134, 5625094, 5805642, 5890283, 5890283, 0
130.001702, 4.999954, 123, 150364, 1345308.4, 588270, 5763784, 5882152, 5890283, 5890283, 0
135.001699, 4.999997, 130, 150648, 1115045.5, 481951, 2452919, 5912432, 6000954, 6000954, 0
140.001721, 5.000022, 146, 150648, 1170790.0, 511155, 3101966, 6155672, 6195347, 6195347, 0
145.001745, 5.000024, 110, 150463, 1059856.9, 482615, 2261285, 5915724, 6036298, 6036298, 0
150.001705, 4.99996, 123, 150758, 1304732.3, 973131, 2916801, 5927566, 6036298, 6036298, 0
155.001708, 5.000003, 108, 150965, 1297701.1, 621977, 5844086, 6045396, 6110967, 6110967, 0
160.001768, 5.00006, 123, 150639, 956884.0, 331225, 2305720, 5814866, 5859809, 5859809, 0
165.00171, 4.999942, 135, 150711, 1316201.8, 1175537, 2781895, 6066597, 6155417, 6155417, 0
170.001751, 5.000041, 120, 150988, 1201835.7, 1186237, 2354935, 5981073, 6081752, 6081752, 0
175.001807, 5.000056, 141, 150442, 1066079.0, 700220, 2362107, 5699406, 5851776, 5851776, 0
180.001717, 4.99991, 128, 150628, 1186714.6, 1208043, 2503190, 5634919, 5660589, 5660589, 0
185.001705, 4.999988, 124, 150976, 1047698.6, 552900, 2218492, 5512801, 5647540, 5647540, 0
190.001749, 5.000044, 134, 150414, 999638.2, 438822, 2145796, 5454531, 5507941, 5507941, 0
195.001788, 5.000039, 117, 150607, 850550.9, 448117, 1996383, 2142295, 4972399, 4972399, 0
200.001805, 5.000017, 137, 150588, 1010185.1, 405923, 2112533, 5230865, 5258407, 5258407, 0
205.001701, 4.999896, 133, 151153, 1120624.1, 938437, 2352702, 5388532, 5405882, 5405882, 0
210.001759, 5.000058, 128, 150359, 1193822.3, 912936, 5098778, 5313025, 5388532, 5388532, 0
215.001751, 4.999992, 100, 150713, 1004599.9, 279817, 2187185, 5263569, 5313025, 5313025, 0
220.001708, 4.999957, 132, 150692, 906587.2, 478310, 1945782, 4851284, 5053987, 5053987, 0
225.001764, 5.000056, 117, 150575, 938697.8, 807388, 1789391, 4531874, 4699741, 4699741, 0
230.001714, 4.99995, 138, 150435, 895112.9, 409387, 3089271, 4345445, 4372933, 4372933, 0
235.001755, 5.000041, 137, 150349, 841354.4, 442076, 1765713, 4487882, 4507419, 4507419, 0
240.001705, 4.99995, 139, 150477, 813172.3, 398654, 1831931, 4791416, 4863259, 4863259, 0
245.001761, 5.000056, 132, 150750, 890240.0, 578040, 1874770, 4268296, 4603182, 4603182, 0
250.001715, 4.999954, 126, 150497, 908472.6, 438072, 1885916, 4834574, 4902237, 4902237, 0
255.001703, 4.999988, 145, 150934, 877898.9, 471537, 1869512, 4856732, 4861722, 4861722, 0
260.001799, 5.000096, 151, 150696, 1056133.3, 441636, 2336842, 5205903, 5218989, 5218989, 0
265.001706, 4.999907, 121, 150992, 915546.5, 376575, 2245847, 5281710, 5348119, 5348119, 0
270.001768, 5.000062, 132, 150663, 1041470.5, 757849, 2195996, 5136844, 5176780, 5176780, 0
275.001752, 4.999984, 120, 150570, 964812.4, 368288, 2228175, 4815216, 4960885, 4960885, 0
280.001737, 4.999985, 124, 150500, 980948.3, 335593, 4616441, 4914519, 4919869, 4919869, 0
285.001714, 4.999977, 113, 150622, 1078566.9, 747683, 4720898, 4838332, 4849798, 4849798, 0
290.001703, 4.999989, 142, 150918, 976781.1, 469647, 2170978, 5049390, 5197586, 5197586, 0
295.001707, 5.000004, 155, 150554, 1280119.0, 1165317, 5095159, 5177467, 5308096, 5308096, 0
300.001701, 4.999994, 105, 150823, 1082652.0, 724312, 2338072, 5130562, 5168592, 5168592, 0
305.001763, 5.000062, 156, 151084, 893010.6, 350226, 1999643, 5103052, 5182829, 5182829, 0
310.001714, 4.999951, 126, 150741, 989416.3, 493951, 2139388, 5097700, 5127782, 5127782, 0
315.001706, 4.999992, 124, 150482, 873297.9, 367921, 2057016, 4754528, 4762205, 4762205, 0
320.001799, 5.000093, 129, 150754, 835191.0, 409446, 2052268, 4646563, 4975040, 4975040, 0
325.001796, 4.999997, 133, 150951, 916884.1, 453896, 2068780, 4677519, 4744910, 4744910, 0
330.001713, 4.999917, 114, 150724, 904513.1, 480118, 1899660, 4744910, 4797435, 4797435, 0
335.001771, 5.000058, 127, 150878, 1133359.5, 512032, 4756200, 4994548, 5009773, 5009773, 0
340.001717, 4.999946, 125, 150937, 908007.5, 331925, 2063008, 5357706, 5377236, 5377236, 0
345.001802, 5.000085, 130, 150589, 1037471.6, 350683, 2120558, 5402156, 5414911, 5414911, 0
350.001774, 4.999972, 125, 150755, 1042488.5, 424817, 2222341, 5242535, 5259430, 5259430, 0
355.001699, 4.999925, 124, 151157, 1182264.4, 914281, 2224775, 5466651, 5483004, 5483004, 0
360.001747, 5.000048, 136, 151184, 1086428.1, 493955, 2652153, 5532669, 5548282, 5548282, 0
365.001795, 5.000048, 126, 150542, 1331955.7, 1133519, 5371714, 5515944, 5530465, 5530465, 0
370.001722, 4.999927, 126, 150439, 1151699.3, 857004, 2185349, 5347539, 5371714, 5371714, 0
375.001753, 5.000031, 118, 150826, 1046062.5, 404172, 2365024, 5496063, 5550338, 5550338, 0
380.001783, 5.00003, 126, 150972, 1107297.3, 901812, 2192342, 5289397, 5311899, 5311899, 0
385.001761, 4.999978, 124, 150409, 996538.0, 462152, 2180692, 5214283, 5278978, 5278978, 0
390.001787, 5.000026, 113, 150998, 1235303.7, 848537, 5214066, 5536398, 5681048, 5681048, 0
395.001749, 4.999962, 133, 150948, 1186186.4, 680195, 2702903, 5783547, 5800772, 5800772, 0
400.001789, 5.00004, 136, 150567, 1145147.3, 535738, 2345523, 5704934, 5721238, 5721238, 0
405.001736, 4.999947, 140, 150395, 1257430.0, 672727, 5528394, 5669479, 5676776, 5676776, 0
410.001742, 5.000006, 150, 151083, 1222816.2, 1151178, 2468787, 5491959, 5548086, 5548086, 0
415.001761, 5.000019, 122, 150583, 1319366.7, 1056256, 5489927, 5534493, 5541697, 5541697, 0
420.001762, 5.000001, 144, 150697, 1071375.3, 1029286, 2121059, 5378225, 5453805, 5453805, 0
425.001702, 4.99994, 134, 150728, 1018511.2, 683588, 2078650, 5337920, 5361400, 5361400, 0
430.001712, 5.00001, 138, 150620, 1005791.4, 447867, 2301747, 5314880, 5433185, 5433185, 0
435.001748, 5.000036, 161, 150792, 1036158.9, 979851, 2052035, 5339254, 5450569, 5450569, 0
440.001704, 4.999956, 143, 150749, 1007843.3, 461902, 2109949, 4980453, 5072760, 5072760, 0
445.001711, 5.000007, 130, 150596, 1051142.8, 870933, 2151395, 5343162, 5503632, 5503632, 0
450.001755, 5.000044, 134, 150793, 878253.7, 313772, 1993290, 5044843, 5343162, 5343162, 0
455.001745, 4.99999, 127, 151104, 925733.5, 352071, 1957528, 4825962, 5083985, 5083985, 0
460.001743, 4.999998, 144, 150633, 993243.5, 399162, 1995720, 5090983, 5125560, 5125560, 0
465.001828, 5.000085, 136, 150673, 907022.4, 378500, 1978924, 5192314, 5246160, 5246160, 0
470.001699, 4.999871, 143, 150956, 947781.5, 450648, 2057568, 5164898, 5231878, 5231878, 0
475.001806, 5.000107, 129, 150453, 1096282.8, 331737, 5039346, 5163870, 5169799, 5169799, 0
480.001716, 4.99991, 124, 151033, 1059038.9, 489351, 2184005, 5147423, 5155307, 5155307, 0
485.001705, 4.999989, 127, 151115, 1191659.3, 1137536, 4813522, 5190864, 5196053, 5196053, 0
490.001719, 5.000014, 143, 150545, 901382.8, 395474, 2035552, 5105186, 5321259, 5321259, 0
495.001745, 5.000026, 137, 150879, 922004.8, 414243, 2087185, 5071437, 5312207, 5312207, 0
500.001719, 4.999974, 141, 150562, 969004.0, 437796, 2059023, 4990763, 5065949, 5065949, 0
505.001771, 5.000052, 123, 150475, 803475.7, 377664, 1784821, 2019237, 4793056, 4793056, 0
510.001677, 4.999906, 138, 150921, 956356.6, 535172, 1950261, 4654613, 4732145, 4732145, 0
515.001705, 5.000028, 154, 150885, 1006027.0, 882482, 1970023, 5006155, 5041450, 5041450, 0
520.001704, 4.999999, 126, 150858, 1010217.3, 399418, 2175216, 5354918, 5366761, 5366761, 0
525.001709, 5.000005, 125, 150397, 1004800.4, 489077, 2176877, 5372434, 5441501, 5441501, 0
530.001761, 5.000052, 145, 150618, 1074852.7, 395950, 2589478, 5658549, 5668672, 5668672, 0
535.001701, 4.99994, 145, 150716, 985173.3, 462144, 2070467, 5211810, 5595386, 5595386, 0
540.001757, 5.000056, 120, 151024, 1018581.1, 423053, 2271939, 5184230, 5300028, 5300028, 0
545.001762, 5.000005, 121, 150632, 857176.1, 355479, 2014180, 2300858, 5345952, 5345952, 0
550.001759, 4.999997, 119, 150632, 1093002.2, 580197, 2262380, 5362448, 5414800, 5414800, 0
555.001704, 4.999945, 127, 151014, 1130492.7, 524957, 2537824, 5533880, 5584818, 5584818, 0
560.00177, 5.000066, 160, 150383, 893155.2, 377218, 2044455, 5247809, 5461759, 5461759, 0
565.001789, 5.000019, 136, 150383, 1073337.9, 479153, 5082310, 5234388, 5277250, 5277250, 0
570.001763, 4.999974, 134, 150788, 940267.7, 459330, 1946791, 5133107, 5222496, 5222496, 0
575.00182, 5.000057, 130, 150788, 958854.3, 383852, 1992838, 5200720, 5228313, 5228313, 0
580.001717, 4.999897, 116, 150740, 1043809.6, 395768, 4935084, 5531835, 5573425, 5573425, 0
585.001708, 4.999991, 110, 150791, 1301694.0, 719681, 5532085, 5837569, 5856263, 5856263, 0
590.001755, 5.000047, 123, 150530, 1217039.9, 1103753, 3746695, 5570707, 5716612, 5716612, 0
595.001721, 4.999966, 114, 150660, 1049673.8, 379316, 2398404, 5468816, 5480242, 5480242, 0
600.001708, 4.999987, 134, 150663, 1088968.6, 748778, 2082226, 5479004, 5569317, 5569317, 0
605.001704, 4.999996, 115, 150347, 996601.7, 489154, 2130113, 5218779, 5352016, 5352016, 0
610.001763, 5.000059, 107, 150953, 1264391.6, 441852, 2668064, 6534904, 6689536, 6689536, 0
615.001716, 4.999953, 116, 151421, 1471363.1, 507054, 6534904, 7506842, 7598452, 7598452, 0
620.001759, 5.000043, 118, 150972, 1274243.9, 538672, 2808251, 3380324, 7826225, 7826225, 0
625.001704, 4.999945, 125, 150447, 1579547.4, 868194, 4447414, 7694266, 7790938, 7790938, 0
630.0017, 4.999996, 125, 151164, 1318575.9, 394183, 2973973, 7164912, 7454122, 7454122, 0
635.001711, 5.000011, 131, 151110, 1264954.4, 658186, 2501444, 6545500, 6568764, 6568764, 0
640.001695, 4.999984, 138, 150751, 1228906.2, 775939, 2876125, 5908428, 5967654, 5967654, 0
645.001749, 5.000054, 145, 150523, 1109706.5, 632800, 2462871, 5673970, 5710446, 5710446, 0
650.001747, 4.999998, 139, 150664, 1162919.3, 545331, 5241718, 5558831, 5588084, 5588084, 0
655.001743, 4.999996, 140, 150664, 1082367.0, 439931, 3723882, 5376586, 5520189, 5520189, 0
660.001762, 5.000019, 127, 150882, 1155463.8, 875071, 2616494, 5590438, 5628597, 5628597, 0
665.001722, 4.99996, 122, 150395, 1028026.3, 734511, 2070285, 5051086, 5155909, 5155909, 0
670.001719, 4.999997, 133, 150766, 969789.5, 430427, 4494025, 4782704, 4862134, 4862134, 0
675.001703, 4.999984, 132, 150661, 905474.1, 327037, 4816728, 5099023, 5102789, 5102789, 0
680.001697, 4.999994, 134, 150437, 1092407.1, 861294, 4796400, 4906549, 5043317, 5043317, 0
685.001704, 5.000007, 144, 150752, 1084662.4, 873272, 2063597, 4931078, 5026649, 5026649, 0
690.001751, 5.000047, 111, 150320, 1017427.2, 887189, 1872931, 4887733, 4918527, 4918527, 0
695.001717, 4.999966, 118, 150615, 741060.5, 242443, 1817038, 4779267, 4849010, 4849010, 0
700.001704, 4.999987, 126, 150525, 832843.1, 455659, 1690175, 4504626, 4598504, 4598504, 0
705.001767, 5.000063, 141, 150512, 952699.2, 315290, 2022303, 5089481, 5175631, 5175631, 0
710.001766, 4.999999, 151, 150846, 1044224.2, 546175, 2900864, 5364839, 5454819, 5454819, 0
715.001733, 4.999967, 166, 150303, 441055.8, 298587, 1410127, 1740516, 2196832, 2196832, 0
720.001761, 5.000028, 154, 150323, 292093.1, 184449, 673279, 1220775, 1307940, 1307940, 0
725.00171, 4.999949, 147, 150309, 269173.6, 243721, 736715, 1032409, 1038365, 1038365, 0
730.001768, 5.000058, 175, 150238, 218215.1, 152379, 306317, 352241, 448725, 448725, 0
735.001771, 5.000003, 198, 150217, 228551.7, 254109, 306317, 404417, 548211, 548211, 0
740.001764, 4.999993, 186, 150211, 225742.7, 255489, 304470, 333270, 363625, 363625, 0
745.001704, 4.99994, 174, 150043, 223076.4, 241092, 304955, 365132, 385918, 385918, 0
750.001715, 5.000011, 176, 150225, 224393.5, 245239, 303851, 331478, 405449, 405449, 0
755.001798, 5.000083, 174, 150124, 229173.2, 260868, 304176, 383198, 431776, 431776, 0
760.001753, 4.999955, 179, 150327, 222640.3, 197145, 327018, 429671, 466798, 466798, 0
765.001715, 4.999962, 148, 150227, 212817.5, 152361, 305082, 355296, 466798, 466798, 0
770.001711, 4.999996, 169, 150255, 222305.4, 191582, 305507, 319220, 451582, 451582, 0
775.001706, 4.999995, 163, 150277, 221486.5, 245530, 303069, 308360, 312572, 312572, 0
780.001708, 5.000002, 168, 150185, 227946.0, 245534, 308207, 369409, 444013, 444013, 0
785.001763, 5.000055, 155, 150111, 220034.0, 153667, 302972, 317014, 447782, 447782, 0
790.001754, 4.999991, 131, 150258, 224180.7, 152946, 345813, 434123, 677993, 677993, 0
795.00176, 5.000006, 171, 150368, 230143.5, 238071, 336437, 554262, 621430, 621430, 0
800.00175, 4.99999, 170, 150338, 240194.7, 242769, 444122, 528393, 756155, 756155, 0
805.00178, 5.00003, 154, 150432, 275229.0, 267760, 516303, 985253, 1020836, 1020836, 0
810.001757, 4.999977, 163, 150246, 241901.3, 242371, 412802, 761074, 820944, 820944, 0
815.001702, 4.999945, 177, 150325, 246529.2, 274413, 389819, 523466, 607969, 607969, 0
820.001709, 5.000007, 179, 150184, 231612.1, 268148, 321848, 367215, 381040, 381040, 0
825.00172, 5.000011, 146, 150273, 225873.6, 196414, 344285, 424761, 456270, 456270, 0
830.001747, 5.000027, 182, 150161, 224036.6, 178105, 325502, 488559, 504267, 504267, 0
835.001748, 5.000001, 201, 150290, 230487.7, 222262, 359198, 488559, 525667, 525667, 0
840.001716, 4.999968, 169, 150093, 226740.7, 230911, 322468, 450833, 513689, 513689, 0
845.001742, 5.000026, 180, 150436, 235943.2, 246715, 367430, 558780, 566553, 566553, 0
850.00175, 5.000008, 159, 150313, 223571.3, 185093, 320525, 372863, 423254, 423254, 0
855.001748, 4.999998, 157, 150255, 217862.4, 154448, 312994, 393777, 406143, 406143, 0
860.001744, 4.999996, 162, 150160, 227129.9, 245975, 331280, 394939, 512821, 512821, 0
865.001715, 4.999971, 177, 150259, 219547.4, 157698, 304195, 393698, 415542, 415542, 0
870.001747, 5.000032, 170, 149963, 213715.6, 152317, 305984, 347356, 377360, 377360, 0
875.001756, 5.000009, 165, 150182, 229524.7, 153603, 348906, 489127, 511812, 511812, 0
880.001835, 5.000079, 161, 150182, 231057.7, 165847, 385699, 431220, 712973, 712973, 0
885.001733, 4.999898, 173, 150359, 232286.1, 178186, 385443, 617959, 655102, 655102, 0
890.001758, 5.000025, 173, 150219, 232073.7, 159902, 395699, 615720, 627349, 627349, 0
895.001789, 5.000031, 163, 150248, 254434.3, 276356, 396690, 717342, 878565, 878565, 0
900.001683, 4.999894, 189, 150178, 219931.9, 178677, 307267, 345467, 436039, 436039, 0
901.029875, 1.028192, 28, 150261, 223490.7, 236519, 306920, 345467, 392886, 392886, 0
