elapsed, window, n, min, mean, max, errors, median
5.001128, 5.001128,0, 0,0, 0,0,0
10.001139, 5.000011,0, 0,0, 0,0,0
15.001167, 5.000028,1199, 151431,155072, 462483,4,153825
20.001075, 4.999908,7509, 151292,160190, 377777,54,154263
25.001119, 5.000044,7988, 151614,522373, 2837581,381,402271
30.001115, 4.999996,8659, 151551,559645, 5190831,494,191520
35.001099, 4.999984,7091, 151429,522233, 3512855,354,194200
40.001073, 4.999974,8478, 151137,401317, 2493583,414,184606
45.001076, 5.000003,7298, 151533,304163, 1646694,236,168628
50.001138, 5.000062,6283, 151124,193173, 1384465,82,154961
55.001124, 4.999986,7980, 151476,197933, 1058622,122,155317
60.001112, 4.999988,6500, 151093,179432, 673544,48,154764
65.001117, 5.000005,8495, 151109,169069, 559299,86,154663
70.001106, 4.999989,5957, 151168,161293, 428091,37,154300
75.001129, 5.000023,7931, 151238,172505, 735790,77,154551
80.001067, 4.999938,6740, 151160,162215, 463149,57,154367
85.001112, 5.000045,6911, 151430,161717, 424901,50,154275
90.001064, 4.999952,7165, 151174,164111, 394179,66,154418
95.001116, 5.000052,6797, 151174,162608, 466126,73,154304
100.001121, 5.000005,7424, 151188,164604, 461369,60,154371
105.001114, 4.999993,6401, 151333,164199, 619262,53,154417
110.001067, 4.999953,7596, 151106,169225, 547192,85,154440
115.001039, 4.999972,6814, 151119,161756, 460936,42,154335
120.001076, 5.000037,7269, 151253,160962, 455556,59,154288
125.001115, 5.000039,7246, 151222,164412, 503122,68,154338
130.001123, 5.000008,7320, 151375,160056, 468410,60,154212
135.001125, 5.000002,7353, 151211,160463, 363729,57,154324
140.001161, 5.000036,6700, 151366,159684, 412795,49,154170
145.001126, 4.999965,7543, 151136,161439, 463891,63,154293
150.001072, 4.999946,7054, 151364,161801, 479414,71,154359
155.001075, 5.000003,7095, 151087,159475, 349695,57,154176
160.001124, 5.000049,7091, 151336,159409, 461714,55,154172
165.001148, 5.000024,7024, 151245,159700, 415789,42,154261
170.001123, 4.999975,7411, 151112,167036, 590889,52,154362
175.001087, 4.999964,7030, 151227,158867, 463582,53,154198
180.001114, 5.000027,7473, 151447,159860, 491805,57,154217
185.001126, 5.000012,7155, 151284,161292, 478884,66,154395
190.001117, 4.999991,7437, 151062,159958, 348880,55,154265
195.001105, 4.999988,6867, 151366,159803, 366700,43,154214
200.001124, 5.000019,7222, 151512,159637, 675420,51,154252
205.001116, 4.999992,6947, 151217,158080, 358087,41,154184
210.001115, 4.999999,7239, 151217,159386, 360509,60,154198
215.001138, 5.000023,7463, 151009,160553, 464905,53,154353
220.001119, 4.999981,7448, 151238,163856, 562438,61,154391
225.001111, 4.999992,7096, 151134,162173, 542766,59,154312
230.001178, 5.000067,7233, 151134,162031, 386695,50,154392
235.001121, 4.999943,7137, 151146,159079, 489821,48,154234
240.001109, 4.999988,7232, 151369,162765, 474954,68,154372
245.001059, 4.99995,7369, 151070,159531, 460187,48,154295
250.00111, 5.000051,7163, 151148,158097, 463089,40,154215
255.001078, 4.999968,6951, 150800,158206, 364105,39,154197
260.00109, 5.000012,7242, 150974,159148, 464428,61,154278
265.001068, 4.999978,7352, 151420,158407, 364072,45,154222
270.001154, 5.000086,7196, 151330,159246, 392988,43,154140
275.001069, 4.999915,7118, 151330,159002, 462011,57,154191
280.001125, 5.000056,7166, 151271,160152, 615083,59,154171
285.001158, 5.000033,6906, 151140,158121, 460874,54,154135
290.001127, 4.999969,7240, 151194,158443, 373117,46,154206
295.001132, 5.000005,6997, 151236,159504, 461748,55,154194
300.001124, 4.999992,6999, 151278,157911, 344253,47,154084
305.001126, 5.000002,7528, 151198,160332, 362204,50,154311
310.001044, 4.999918,7257, 151214,159645, 400628,46,154225
315.001113, 5.000069,7294, 151045,159899, 465693,43,154279
320.00111, 4.999997,7129, 151150,160299, 365503,58,154235
325.001148, 5.000038,6915, 151190,161272, 407437,46,154245
330.001125, 4.999977,7182, 151454,161543, 499254,52,154311
335.001067, 4.999942,7123, 151237,159314, 461549,55,154198
340.001155, 5.000088,7348, 151427,161398, 491539,67,154321
345.001071, 4.999916,7075, 151194,158880, 493276,56,154187
350.001054, 4.999983,7196, 151109,158786, 330297,53,154200
355.001049, 4.999995,7089, 151207,159613, 365984,48,154299
360.00107, 5.000021,7393, 151120,159962, 379570,41,154328
365.001068, 4.999998,7249, 151110,160648, 509620,44,154375
370.00111, 5.000042,7069, 151193,158476, 461538,50,154136
375.001142, 5.000032,7273, 151405,157935, 469742,43,154078
380.001078, 4.999936,7342, 150983,158632, 469742,46,154227
385.001063, 4.999985,7182, 151289,160099, 462962,49,154371
390.00108, 5.000017,7548, 151289,161944, 475906,49,154456
395.001158, 5.000078,7264, 151170,160563, 460162,42,154314
400.001082, 4.999924,7091, 151218,158033, 460162,50,154190
405.001056, 4.999974,7142, 151130,158583, 461748,57,154150
410.001067, 5.000011,7048, 151517,157839, 377861,46,154129
415.00118, 5.000113,7346, 151273,162917, 556326,61,154373
420.001113, 4.999933,7357, 151141,164257, 526426,66,154330
425.001066, 4.999953,7330, 151184,160525, 460255,59,154289
430.001125, 5.000059,6991, 151184,159021, 353691,39,154139
435.001065, 4.99994,7497, 151165,158749, 461144,43,154216
440.001121, 5.000056,7113, 151164,159289, 460696,51,154174
445.001078, 4.999957,7106, 151275,160119, 365874,53,154242
450.001136, 5.000058,7424, 151272,159146, 470941,51,154297
455.001085, 4.999949,7361, 150878,158452, 523803,35,154188
460.001117, 5.000032,7104, 151230,157935, 461053,43,154139
465.001036, 4.999919,6926, 151225,158146, 383601,37,154162
470.001052, 5.000016,7233, 151336,158897, 463747,48,154316
475.001108, 5.000056,7147, 151160,159691, 439148,43,154272
480.001261, 5.000153,7093, 151258,157196, 353246,33,154150
485.001078, 4.999817,7290, 151286,157958, 460841,50,154202
490.001128, 5.00005,7252, 151147,160547, 396981,48,154328
495.001163, 5.000035,7329, 151359,158768, 623849,39,154249
500.001116, 4.999953,7446, 151120,161217, 408111,56,154497
505.001118, 5.000002,7530, 151120,163251, 494721,62,154467
510.001083, 4.999965,7340, 151326,163796, 462260,51,154515
515.001056, 4.999973,7307, 151301,159204, 375708,46,154276
520.001111, 5.000055,7255, 151058,157181, 349390,36,154156
525.001107, 4.999996,7442, 151329,157865, 464514,38,154236
530.00112, 5.000013,7178, 151342,157841, 476822,51,154211
535.001066, 4.999946,7180, 151166,158479, 487658,44,154214
540.001124, 5.000058,7295, 151204,160310, 383568,41,154332
545.001125, 5.000001,7215, 151114,158603, 352169,48,154260
550.001047, 4.999922,7505, 151053,158695, 378913,52,154216
555.001161, 5.000114,7162, 151154,160770, 616752,58,154241
560.001121, 4.99996,7496, 151369,158502, 343536,37,154279
565.001098, 4.999977,7272, 151329,163206, 463758,52,154374
570.001181, 5.000083,7283, 151185,159288, 373160,42,154277
575.001062, 4.999881,7436, 151408,157878, 399188,39,154153
580.00107, 5.000008,7338, 151426,158118, 463310,47,154174
585.001077, 5.000007,7453, 151411,158286, 368353,41,154291
590.001072, 4.999995,7424, 151126,159094, 346119,51,154271
595.001117, 5.000045,7328, 151409,159490, 463248,50,154309
600.001067, 4.99995,7251, 151491,157505, 467153,28,154243
605.001123, 5.000056,7451, 151071,158852, 470834,50,154274
610.001127, 5.000004,7358, 151113,159692, 452340,41,154323
615.001075, 4.999948,7330, 151494,164565, 461368,45,154533
620.001128, 5.000053,7258, 151257,160510, 380507,39,154411
625.001126, 4.999998,7284, 151263,158521, 465103,46,154281
630.001126, 5.0,7600, 151476,158866, 463457,48,154360
635.001073, 4.999947,7948, 151245,167032, 436929,65,154547
640.001068, 4.999995,7347, 151409,164444, 463043,48,154460
645.001066, 4.999998,7439, 151132,157773, 362285,34,154285
650.001061, 4.999995,7114, 151261,158875, 479373,46,154234
655.001052, 4.999991,7362, 151153,158446, 482516,46,154266
660.001129, 5.000077,7619, 151317,166572, 579898,62,154503
665.001127, 4.999998,7707, 151317,162239, 491541,47,154589
670.001141, 5.000014,7392, 151280,160530, 372911,46,154338
675.001071, 4.99993,7204, 151132,158514, 378982,37,154257
680.001075, 5.000004,7301, 151338,158336, 434354,40,154219
685.00114, 5.000065,7372, 151140,158941, 371900,42,154296
690.001119, 4.999979,7388, 151140,157903, 370115,43,154179
695.001116, 4.999997,7334, 151245,157359, 346978,30,154199
700.001135, 5.000019,7358, 151243,165518, 505458,48,154440
705.001109, 4.999974,7309, 151262,162307, 404305,47,154339
710.001114, 5.000005,7654, 151122,160093, 476258,48,154350
715.001032, 4.999918,7383, 151181,158382, 459879,41,154323
720.001185, 5.000153,7456, 151203,159407, 415494,40,154343
725.001029, 4.999844,7450, 150974,160707, 415494,56,154369
730.001062, 5.000033,7561, 151379,160025, 479643,56,154372
735.001112, 5.00005,7357, 151260,159297, 462480,34,154340
740.001078, 4.999966,7515, 151260,160080, 376373,46,154317
745.001064, 4.999986,7341, 151137,159561, 349470,58,154300
750.001118, 5.000054,7476, 151318,160551, 464554,45,154447
755.001124, 5.000006,7365, 151439,159249, 358540,41,154283
760.00116, 5.000036,7384, 151155,159684, 403777,41,154330
765.001113, 4.999953,7681, 151339,161553, 479759,52,154425
770.001065, 4.999952,7470, 151240,158302, 378649,40,154248
775.001168, 5.000103,7397, 151240,157659, 476378,39,154238
780.001119, 4.999951,7492, 151356,158936, 390458,48,154238
785.001069, 4.99995,7169, 151144,157967, 340160,33,154221
790.00113, 5.000061,7379, 151138,157766, 461919,39,154210
795.001128, 4.999998,7546, 151214,158252, 349987,36,154291
800.001074, 4.999946,7513, 151377,162571, 477744,51,154358
805.001129, 5.000055,7151, 151444,158594, 347076,32,154210
810.001136, 5.000007,7574, 151261,158478, 347076,48,154262
815.001137, 5.000001,7562, 151262,159006, 344127,40,154317
820.001143, 5.000006,7452, 151334,159701, 509309,39,154364
825.001144, 5.000001,7719, 151404,159973, 381741,40,154334
830.001134, 4.99999,7240, 151368,158607, 340866,42,154254
835.001128, 4.999994,7423, 151066,163555, 461804,50,154609
840.001112, 4.999984,7390, 151034,158813, 376402,35,154318
845.001122, 5.00001,7642, 151355,158887, 342569,41,154303
850.001147, 5.000025,7561, 151299,160396, 464641,42,154371
855.001122, 4.999975,7641, 151074,160090, 352739,43,154343
860.001126, 5.000004,7380, 151424,160120, 361884,51,154335
865.001121, 4.999995,7306, 151307,158521, 356782,37,154265
870.001125, 5.000004,7491, 151278,159755, 461708,55,154302
875.001117, 4.999992,7263, 151320,159217, 463774,43,154253
880.001119, 5.000002,7412, 151247,157849, 361678,26,154262
885.001127, 5.000008,7489, 151237,157920, 349883,37,154338
890.001126, 4.999999,7535, 151228,159059, 475774,41,154366
895.001118, 4.999992,7556, 151187,160133, 398659,33,154318
900.001126, 5.000008,7734, 151020,164354, 481149,50,154562
901.129226, 1.1281,1858, 151020,163141, 481149,6,154464

