elapsed, window, n, min, mean, median, 95th, 99th, 99_9th, max, errors
5.000477, 5.000477, 206, 151712, 1079246.8, 847744, 2457849, 2923808, 3169511, 3169511, 0
10.001415, 5.000938, 130, 150336, 654653.6, 294435, 2078685, 5210418, 5365973, 5365973, 0
15.001524, 5.000109, 170, 150185, 241633.9, 244858, 413162, 674137, 760601, 760601, 0
20.001475, 4.999951, 138, 150210, 223969.0, 173563, 318420, 773896, 790913, 790913, 0
25.001407, 4.999932, 149, 150300, 254510.6, 258124, 593407, 673960, 773896, 773896, 0
30.001529, 5.000122, 153, 150128, 265265.2, 245438, 535422, 770655, 795810, 795810, 0
35.00147, 4.999941, 148, 149972, 243329.1, 152013, 501257, 864431, 898470, 898470, 0
40.001526, 5.000056, 118, 150364, 263751.8, 243119, 505643, 902292, 912089, 912089, 0
45.001475, 4.999949, 161, 150126, 291598.8, 244752, 576046, 1091459, 1190204, 1190204, 0
50.001538, 5.000063, 137, 150372, 316591.9, 253324, 635432, 1459085, 1460476, 1460476, 0
55.001537, 4.999999, 145, 150317, 337767.8, 244198, 1332302, 1450641, 1463843, 1463843, 0
60.001478, 4.999941, 143, 150105, 350878.3, 287351, 718944, 1525821, 1533887, 1533887, 0
65.001478, 5.0, 108, 150185, 349719.8, 247419, 749308, 1690777, 1723625, 1723625, 0
70.001526, 5.000048, 152, 150188, 374090.6, 248153, 794701, 1696031, 1723463, 1723463, 0
75.001527, 5.000001, 130, 150516, 290694.8, 201322, 669918, 765162, 1393003, 1393003, 0
80.001528, 5.000001, 161, 150377, 341211.1, 277221, 691419, 1470258, 1479777, 1479777, 0
85.001526, 4.999998, 148, 150298, 325393.3, 182023, 726119, 1556603, 1645990, 1645990, 0
90.001474, 4.999948, 118, 150235, 347866.3, 283289, 705381, 1513621, 1528297, 1528297, 0
95.001578, 5.000104, 116, 150253, 307997.1, 229210, 646546, 757784, 1476399, 1476399, 0
100.001562, 4.999984, 153, 150315, 302009.2, 178292, 638185, 1332020, 1369081, 1369081, 0
105.001473, 4.999911, 124, 150157, 325958.1, 231255, 1216070, 1393821, 1450632, 1450632, 0
110.001476, 5.000003, 114, 150238, 327734.3, 210755, 1271420, 1394278, 1398797, 1398797, 0
115.001525, 5.000049, 139, 150227, 318768.9, 234063, 648904, 1337090, 1494901, 1494901, 0
120.001538, 5.000013, 134, 150177, 286792.8, 259533, 579143, 647640, 1132375, 1132375, 0
125.001756, 5.000218, 140, 150375, 270041.5, 179856, 567231, 976293, 1013111, 1013111, 0
130.001476, 4.99972, 131, 150068, 280400.2, 273786, 520866, 1055994, 1100679, 1100679, 0
135.001484, 5.000008, 134, 150043, 255174.9, 264021, 458520, 745629, 750800, 750800, 0
140.001535, 5.000051, 142, 150063, 225462.4, 201770, 317786, 472501, 514564, 514564, 0
145.001477, 4.999942, 163, 149990, 236336.6, 231582, 423323, 460185, 818184, 818184, 0
150.001535, 5.000058, 130, 149996, 231213.0, 169045, 379324, 681400, 733000, 733000, 0
155.001527, 4.999992, 164, 150096, 258270.2, 253113, 670266, 787449, 807932, 807932, 0
160.001484, 4.999957, 137, 150333, 230363.0, 178137, 398016, 597852, 610793, 610793, 0
165.001489, 5.000005, 139, 150220, 249012.7, 243628, 416684, 945704, 976105, 976105, 0
170.001476, 4.999987, 128, 150225, 238517.0, 152086, 432673, 785995, 792561, 792561, 0
175.001538, 5.000062, 133, 150396, 259011.9, 158884, 700583, 792139, 800849, 800849, 0
180.001478, 4.99994, 126, 150282, 238021.7, 241133, 447750, 809900, 837897, 837897, 0
185.001517, 5.000039, 113, 150192, 255511.5, 152387, 528755, 959064, 1044202, 1044202, 0
190.001524, 5.000007, 144, 150123, 271668.1, 209722, 555748, 1034043, 1056464, 1056464, 0
195.001472, 4.999948, 141, 150131, 287475.6, 255020, 559096, 963429, 1067526, 1067526, 0
200.001475, 5.000003, 138, 150071, 324794.0, 249478, 642979, 1384397, 1401952, 1401952, 0
205.00148, 5.000005, 118, 150004, 301273.7, 264289, 605377, 1238944, 1315154, 1315154, 0
210.001474, 4.999994, 135, 150158, 250597.7, 157205, 505469, 1089801, 1104155, 1104155, 0
215.001535, 5.000061, 121, 150344, 303313.4, 246825, 584682, 1252354, 1381254, 1381254, 0
220.001536, 5.000001, 139, 150318, 280138.5, 203838, 597922, 1129053, 1379475, 1379475, 0
225.001478, 4.999942, 140, 150009, 252318.6, 153233, 469404, 1031284, 1037270, 1037270, 0
230.001536, 5.000058, 156, 150098, 263275.8, 177042, 500156, 915160, 1002327, 1002327, 0
235.001566, 5.00003, 156, 150267, 246740.5, 217580, 443469, 785601, 865449, 865449, 0
240.001526, 4.99996, 145, 150207, 256155.1, 152252, 489593, 957394, 970482, 970482, 0
245.001488, 4.999962, 159, 150189, 261351.7, 247658, 510189, 940082, 999335, 999335, 0
250.001483, 4.999995, 156, 150077, 250923.3, 250446, 417726, 770714, 876532, 876532, 0
255.001526, 5.000043, 123, 150351, 273026.8, 196764, 549818, 1020839, 1029237, 1029237, 0
260.00148, 4.999954, 155, 150192, 270945.0, 191675, 574351, 1087617, 1110892, 1110892, 0
265.001477, 4.999997, 158, 150126, 305816.6, 264689, 573413, 1104533, 1238883, 1238883, 0
270.001539, 5.000062, 158, 150031, 320987.7, 247382, 678477, 1350147, 1390408, 1390408, 0
275.001474, 4.999935, 140, 150049, 319824.4, 248288, 610441, 1388376, 1390408, 1390408, 0
280.001499, 5.000025, 149, 150277, 282120.9, 170363, 575714, 1168867, 1235544, 1235544, 0
285.001543, 5.000044, 135, 150078, 282607.7, 153655, 593898, 1252452, 1287906, 1287906, 0
290.001609, 5.000066, 149, 150294, 268206.0, 171842, 522056, 898436, 1082892, 1082892, 0
295.001485, 4.999876, 138, 149944, 301011.5, 262697, 872847, 1123369, 1161207, 1161207, 0
300.001476, 4.999991, 145, 150395, 277493.5, 242001, 556784, 1037573, 1117425, 1117425, 0
305.001478, 5.000002, 158, 150228, 254306.3, 265481, 465131, 749510, 797844, 797844, 0
310.001479, 5.000001, 127, 150228, 238881.1, 152262, 459887, 772560, 779658, 779658, 0
315.00145, 4.999971, 126, 150200, 263317.0, 245865, 486110, 772423, 954017, 954017, 0
320.001528, 5.000078, 176, 150223, 285715.7, 245344, 707435, 976324, 1031203, 1031203, 0
325.00153, 5.000002, 136, 150367, 285785.7, 248926, 851352, 993480, 1018126, 1018126, 0
330.001478, 4.999948, 134, 150159, 309871.9, 261296, 603744, 1348636, 1359606, 1359606, 0
335.001563, 5.000085, 153, 150177, 283802.9, 168720, 567666, 1247164, 1300158, 1300158, 0
340.001491, 4.999928, 142, 149923, 271832.9, 173980, 577225, 1174844, 1362095, 1362095, 0
345.001479, 4.999988, 129, 150314, 300886.3, 243147, 618799, 1296316, 1302804, 1302804, 0
350.001505, 5.000026, 154, 150030, 285050.2, 245017, 584756, 970748, 1153197, 1153197, 0
355.001517, 5.000012, 126, 150007, 315833.0, 271133, 875118, 1148021, 1295121, 1295121, 0
360.001479, 4.999962, 119, 150313, 300542.6, 172004, 634306, 1346700, 1354498, 1354498, 0
365.001481, 5.000002, 138, 150427, 330666.9, 233363, 750204, 1388312, 1457578, 1457578, 0
370.001477, 4.999996, 137, 150201, 224788.3, 242333, 321572, 373398, 396940, 396940, 0
375.001531, 5.000054, 167, 150254, 228038.6, 268420, 302619, 305835, 311542, 311542, 0
380.001472, 4.999941, 140, 150331, 220951.2, 152604, 304586, 424163, 452978, 452978, 0
385.001476, 5.000004, 123, 150322, 214842.9, 152153, 304838, 437429, 438941, 438941, 0
390.001532, 5.000056, 141, 150050, 219496.1, 245261, 302562, 312194, 318149, 318149, 0
395.001528, 4.999996, 156, 150288, 211590.2, 152208, 302073, 312357, 348532, 348532, 0
400.001477, 4.999949, 153, 150356, 221909.1, 192983, 306773, 327830, 405439, 405439, 0
405.001563, 5.000086, 148, 150123, 217926.1, 164371, 303555, 310677, 315846, 315846, 0
410.001476, 4.999913, 145, 150048, 232499.6, 265139, 311071, 345210, 355800, 355800, 0
415.001471, 4.999995, 124, 149932, 221017.3, 157603, 311688, 379353, 407832, 407832, 0
420.001481, 5.00001, 147, 150106, 219417.6, 165535, 303316, 350670, 420751, 420751, 0
425.001484, 5.000003, 150, 150249, 223841.7, 251997, 301578, 304640, 331403, 331403, 0
430.001481, 4.999997, 151, 150043, 219653.4, 174137, 302335, 307775, 345124, 345124, 0
435.001537, 5.000056, 161, 150327, 213865.8, 152149, 303466, 313813, 387129, 387129, 0
440.001557, 5.00002, 139, 149987, 223993.8, 244204, 304587, 329410, 436357, 436357, 0
445.001477, 4.99992, 149, 149964, 223060.4, 243279, 304664, 308180, 392858, 392858, 0
450.00148, 5.000003, 145, 149922, 226089.2, 255745, 307134, 334748, 379732, 379732, 0
455.001532, 5.000052, 150, 149981, 220130.7, 242831, 303961, 334492, 378362, 378362, 0
460.001528, 4.999996, 147, 150123, 216662.4, 152280, 304075, 314289, 345051, 345051, 0
465.001524, 4.999996, 133, 150240, 219701.8, 152044, 305516, 440116, 458693, 458693, 0
470.001481, 4.999957, 169, 150281, 220745.6, 243090, 303569, 305831, 400661, 400661, 0
475.001523, 5.000042, 156, 150130, 216486.0, 152254, 305247, 314993, 330970, 330970, 0
480.001405, 4.999882, 148, 150240, 214586.6, 152322, 302502, 306327, 311898, 311898, 0
485.001478, 5.000073, 161, 149970, 215192.2, 152389, 303035, 327742, 338896, 338896, 0
490.001519, 5.000041, 155, 150325, 226740.7, 241997, 322260, 404639, 442617, 442617, 0
495.001484, 4.999965, 154, 150432, 235566.9, 257251, 316935, 352136, 362898, 362898, 0
500.001482, 4.999998, 158, 150182, 223937.3, 256167, 303044, 349255, 367521, 367521, 0
505.0015, 5.000018, 139, 150288, 221310.9, 153104, 321048, 405913, 409307, 409307, 0
510.001525, 5.000025, 125, 150308, 225491.0, 245871, 311177, 358608, 370506, 370506, 0
515.001529, 5.000004, 151, 150256, 227319.0, 257988, 303283, 330525, 386956, 386956, 0
520.001474, 4.999945, 119, 150192, 222895.0, 242506, 314389, 379135, 387689, 387689, 0
525.00148, 5.000006, 161, 149992, 217141.8, 152684, 303589, 314739, 348233, 348233, 0
530.001539, 5.000059, 139, 150039, 212892.1, 152154, 303911, 305303, 305370, 305370, 0
535.001522, 4.999983, 149, 150056, 226321.7, 251889, 305375, 344121, 414054, 414054, 0
540.0014, 4.999878, 136, 150104, 214235.6, 152090, 302222, 356607, 452654, 452654, 0
545.001484, 5.000084, 154, 150285, 233752.7, 265090, 306037, 334794, 414183, 414183, 0
550.001526, 5.000042, 133, 150183, 215232.8, 155308, 303711, 343983, 357970, 357970, 0
555.001478, 4.999952, 173, 149968, 214389.9, 153503, 303427, 309087, 373315, 373315, 0
560.001479, 5.000001, 147, 149982, 222738.8, 242834, 303697, 343018, 394441, 394441, 0
565.001525, 5.000046, 139, 150115, 222162.3, 176985, 304395, 356759, 400247, 400247, 0
570.001571, 5.000046, 162, 150289, 216595.3, 152688, 304739, 362671, 433664, 433664, 0
575.001482, 4.999911, 169, 150289, 219572.3, 152717, 303895, 339774, 387504, 387504, 0
580.001491, 5.000009, 152, 150091, 220272.1, 153545, 309799, 350150, 440435, 440435, 0
585.001408, 4.999917, 169, 149939, 222795.7, 245186, 303380, 307865, 357754, 357754, 0
590.001527, 5.000119, 145, 150244, 221064.8, 242759, 308098, 350058, 361728, 361728, 0
595.001522, 4.999995, 139, 150364, 215631.6, 152586, 302074, 305278, 305831, 305831, 0
600.001469, 4.999947, 134, 149984, 213397.1, 152135, 306054, 366910, 395468, 395468, 0
605.001483, 5.000014, 131, 150309, 224142.1, 201882, 304461, 448681, 456165, 456165, 0
610.001526, 5.000043, 144, 150000, 223572.4, 243749, 308271, 329472, 385864, 385864, 0
615.001493, 4.999967, 134, 150433, 227913.2, 245430, 309169, 377471, 393101, 393101, 0
620.001529, 5.000036, 135, 150103, 218604.7, 152746, 303178, 321613, 421551, 421551, 0
625.001474, 4.999945, 144, 150283, 225273.5, 243277, 316010, 398235, 447937, 447937, 0
630.001536, 5.000062, 147, 150330, 218090.2, 152651, 305407, 347631, 438178, 438178, 0
635.001475, 4.999939, 127, 150412, 214077.3, 152501, 304880, 375592, 455440, 455440, 0
640.001479, 5.000004, 130, 150325, 218450.2, 183038, 305142, 344226, 436429, 436429, 0
645.001478, 4.999999, 144, 150169, 215560.5, 152520, 304548, 330009, 423076, 423076, 0
650.001478, 5.0, 143, 150137, 227059.3, 247206, 308698, 373832, 377584, 377584, 0
655.001479, 5.000001, 149, 150243, 216494.8, 152312, 302136, 330608, 405425, 405425, 0
660.001483, 5.000004, 140, 150132, 217400.8, 152270, 303678, 351993, 427847, 427847, 0
665.001556, 5.000073, 124, 150381, 219118.2, 152285, 303152, 371818, 389626, 389626, 0
670.001531, 4.999975, 120, 150281, 203344.4, 151942, 303076, 314421, 351698, 351698, 0
675.001472, 4.999941, 128, 150133, 226535.9, 259425, 303466, 305262, 390885, 390885, 0
680.001527, 5.000055, 136, 150274, 220578.3, 180620, 312243, 364596, 455909, 455909, 0
685.00152, 4.999993, 149, 150043, 219639.9, 180620, 304946, 357755, 398790, 398790, 0
690.001477, 4.999957, 132, 150343, 222453.9, 244212, 303491, 305725, 307225, 307225, 0
695.001439, 4.999962, 140, 150139, 218930.1, 170098, 302187, 313584, 315544, 315544, 0
700.001575, 5.000136, 164, 149979, 226759.0, 245594, 305285, 324041, 393116, 393116, 0
705.001527, 4.999952, 134, 149967, 220839.5, 153604, 303165, 336159, 338115, 338115, 0
710.001478, 4.999951, 147, 150150, 215974.2, 152998, 304683, 327833, 343463, 343463, 0
715.001482, 5.000004, 146, 150368, 227882.1, 258798, 306882, 326456, 360402, 360402, 0
720.001462, 4.99998, 160, 150132, 220950.4, 242798, 304333, 310680, 324301, 324301, 0
725.001526, 5.000064, 143, 150194, 216117.5, 161350, 305611, 346884, 400083, 400083, 0
730.00153, 5.000004, 137, 149975, 214577.4, 153244, 302993, 316433, 345762, 345762, 0
735.001524, 4.999994, 139, 150052, 218542.2, 165775, 301882, 308027, 310646, 310646, 0
740.001536, 5.000012, 157, 150158, 232218.0, 260441, 322481, 396058, 442954, 442954, 0
745.001525, 4.999989, 130, 149955, 212548.5, 152044, 304150, 355525, 412461, 412461, 0
750.001522, 4.999997, 134, 150325, 214055.9, 152100, 302049, 313659, 314170, 314170, 0
755.001563, 5.000041, 157, 150318, 218411.4, 242322, 302325, 304569, 315942, 315942, 0
760.001415, 4.999852, 138, 150004, 207900.5, 151903, 303752, 307006, 325897, 325897, 0
765.001487, 5.000072, 129, 150376, 217430.4, 153263, 316650, 390719, 408957, 408957, 0
770.001477, 4.99999, 159, 150264, 223135.3, 242844, 305633, 336763, 398679, 398679, 0
775.001517, 5.00004, 138, 150040, 224923.0, 243923, 305840, 393113, 409627, 409627, 0
780.001537, 5.00002, 148, 150195, 221625.1, 207340, 306387, 335964, 348459, 348459, 0
785.001522, 4.999985, 141, 150283, 218208.5, 152568, 303818, 320519, 446493, 446493, 0
790.001538, 5.000016, 137, 150208, 221473.0, 169298, 305522, 325725, 424380, 424380, 0
795.001532, 4.999994, 152, 150020, 225229.9, 263377, 302021, 310549, 317266, 317266, 0
800.00149, 4.999958, 144, 150058, 220891.5, 242863, 303100, 338592, 339344, 339344, 0
805.001479, 4.999989, 138, 150203, 215722.2, 153077, 303050, 307245, 319775, 319775, 0
810.001528, 5.000049, 151, 150025, 218331.9, 154407, 305682, 322930, 439273, 439273, 0
815.001403, 4.999875, 153, 149851, 217613.8, 154476, 303855, 318787, 348626, 348626, 0
820.001481, 5.000078, 157, 150311, 213480.4, 160493, 303249, 315730, 330388, 330388, 0
825.001477, 4.999996, 157, 150188, 216148.1, 152422, 307996, 327417, 374695, 374695, 0
830.001483, 5.000006, 149, 150219, 210674.7, 152181, 302283, 314293, 338729, 338729, 0
835.001738, 5.000255, 134, 149983, 228087.7, 264131, 304495, 307868, 309255, 309255, 0
840.001472, 4.999734, 129, 150408, 221315.2, 242958, 303338, 326348, 405517, 405517, 0
845.001529, 5.000057, 154, 150032, 222922.9, 245391, 305125, 325069, 337227, 337227, 0
850.001524, 4.999995, 166, 149976, 229765.5, 260193, 306268, 373254, 403203, 403203, 0
855.001527, 5.000003, 135, 150346, 227561.8, 243440, 303883, 344470, 429627, 429627, 0
860.001475, 4.999948, 146, 150127, 213113.3, 152250, 305432, 388722, 403424, 403424, 0
865.001523, 5.000048, 142, 150184, 216405.9, 152842, 305678, 403424, 487480, 487480, 0
870.001482, 4.999959, 140, 150400, 204721.3, 151961, 301700, 305112, 312031, 312031, 0
875.001471, 4.999989, 130, 150254, 219857.4, 241265, 304042, 323366, 326229, 326229, 0
880.00153, 5.000059, 150, 150388, 225711.2, 256614, 304400, 337012, 375495, 375495, 0
885.001461, 4.999931, 160, 149989, 223771.9, 245724, 304451, 336009, 345044, 345044, 0
890.001576, 5.000115, 127, 150171, 218222.8, 161215, 305089, 324837, 353637, 353637, 0
895.001527, 4.999951, 158, 150286, 227966.4, 248880, 307529, 389526, 426477, 426477, 0
900.00148, 4.999953, 135, 150150, 229442.8, 250719, 309285, 397913, 405462, 405462, 0
901.021646, 1.020166, 31, 150150, 229579.3, 247344, 304335, 397913, 405462, 405462, 0
