"error","operation","count"
"{abort,conflict}","writeonly_red","4712"
