elapsed, window, n, min, mean, median, 95th, 99th, 99_9th, max, errors
5.000486, 5.000486, 2479, 91539, 196081.6, 192478, 248838, 285300, 327915, 348432, 39
10.001481, 5.000995, 2407, 91685, 202066.5, 196063, 253058, 277684, 305767, 328018, 51
15.000364, 4.998883, 2425, 91542, 198836.2, 193310, 250256, 286339, 316065, 338160, 54
20.00167, 5.001306, 2455, 91474, 202676.2, 196548, 255496, 284440, 316065, 338160, 50
25.000489, 4.998819, 2453, 91642, 200875.3, 194575, 251141, 269057, 288697, 304057, 50
30.001492, 5.001003, 2464, 91642, 199211.8, 194523, 244221, 263506, 297586, 312903, 42
35.000379, 4.998887, 2341, 91751, 208849.6, 198961, 273771, 300126, 336153, 368468, 40
40.001427, 5.001048, 2492, 91721, 197709.4, 194018, 244338, 266619, 328794, 348704, 50
45.001523, 5.000096, 2414, 91661, 202436.5, 194952, 255121, 283175, 310712, 339983, 45
50.001424, 4.999901, 2466, 91847, 196634.7, 192880, 246262, 272489, 295463, 306140, 63
55.001437, 5.000013, 2488, 91375, 196077.4, 192703, 238363, 273990, 299151, 303216, 57
60.001418, 4.999981, 2475, 91770, 197279.0, 193850, 234078, 276857, 315100, 329840, 45
65.00148, 5.000062, 2482, 91655, 199611.2, 195071, 242853, 261027, 279972, 293797, 42
70.001433, 4.999953, 2486, 91647, 197219.1, 193301, 241532, 257508, 283980, 294515, 36
75.000428, 4.998995, 2505, 91772, 195943.0, 192671, 239815, 269583, 321704, 333255, 61
80.00148, 5.001052, 2486, 91127, 196856.7, 193579, 237900, 256318, 320947, 328366, 48
85.00143, 4.99995, 2506, 91127, 195595.4, 193115, 231378, 259296, 283936, 291634, 57
90.000505, 4.999075, 2458, 91532, 197570.1, 192898, 247265, 266771, 282943, 297311, 58
95.001425, 5.00092, 2455, 91429, 200816.2, 195411, 250793, 281406, 328413, 350177, 56
100.001425, 5.0, 2433, 91445, 202672.7, 196456, 250558, 287599, 317580, 323068, 45
105.000425, 4.999, 2429, 91751, 199979.1, 193743, 249219, 271549, 298506, 300752, 45
110.001366, 5.000941, 2414, 91705, 204705.9, 197882, 257523, 281226, 298867, 305017, 48
115.001481, 5.000115, 2383, 91757, 205830.0, 197654, 263418, 287687, 311527, 331911, 48
120.001501, 5.00002, 2465, 91681, 201233.3, 194356, 250482, 280301, 305983, 320144, 36
125.001424, 4.999923, 2272, 91232, 215384.4, 195258, 311530, 544833, 609057, 610733, 32
130.001385, 4.999961, 2530, 91668, 193722.5, 191903, 217906, 251479, 279545, 297405, 54
135.00135, 4.999965, 2437, 91714, 198329.7, 193495, 243835, 267917, 303990, 308477, 56
140.001423, 5.000073, 2479, 91555, 199786.6, 194137, 249153, 270330, 299571, 320746, 57
145.001437, 5.000014, 2542, 91719, 193894.4, 190791, 227107, 253690, 312505, 326952, 40
150.001381, 4.999944, 2468, 91855, 197678.4, 193020, 244799, 266403, 307157, 320723, 48
155.001417, 5.000036, 2485, 91491, 197018.1, 191517, 246429, 280429, 322429, 324418, 47
160.001423, 5.000006, 2519, 91232, 194935.3, 191667, 229806, 257881, 289007, 310949, 41
165.001469, 5.000046, 2405, 91337, 203902.0, 196963, 255243, 279735, 315117, 335912, 46
170.001425, 4.999956, 2499, 91806, 197393.8, 193206, 242324, 263276, 298803, 326674, 52
175.001429, 5.000004, 2406, 91900, 201934.3, 196202, 250787, 279202, 300294, 309520, 40
180.001428, 4.999999, 2475, 91609, 200154.0, 195377, 245588, 280005, 300088, 321683, 56
185.001432, 5.000004, 2493, 91582, 196508.5, 192149, 243914, 266920, 346505, 358299, 44
190.001366, 4.999934, 2503, 91558, 197014.2, 192388, 242060, 269054, 296511, 317982, 32
195.001396, 5.00003, 2413, 91554, 203513.6, 195939, 254011, 281752, 306471, 313493, 47
200.001425, 5.000029, 2581, 91604, 191160.3, 190262, 212167, 229243, 238719, 245750, 44
205.001426, 5.000001, 2452, 91368, 198245.5, 194477, 238019, 255190, 293134, 314936, 49
210.00135, 4.999924, 2520, 91864, 195951.7, 192560, 234986, 261554, 284726, 286301, 42
215.001473, 5.000123, 2534, 92063, 193159.0, 190884, 218454, 251203, 274624, 284756, 43
220.001431, 4.999958, 2459, 91997, 199219.6, 194450, 242873, 268512, 298792, 308825, 40
225.001485, 5.000054, 2525, 91977, 196909.6, 193303, 230689, 252285, 289146, 306509, 40
230.001423, 4.999938, 2498, 91621, 197305.2, 193075, 240144, 266583, 294047, 312558, 36
235.00143, 5.000007, 2485, 91695, 198343.3, 194364, 240014, 268614, 294268, 303668, 42
240.001534, 5.000104, 2507, 91603, 196842.0, 193148, 229658, 259001, 289578, 293537, 39
245.001452, 4.999918, 2412, 91548, 203728.6, 197766, 250270, 282854, 304190, 312562, 41
250.001483, 5.000031, 2533, 91738, 194080.6, 192712, 216465, 229604, 247155, 263621, 42
255.001529, 5.000046, 2495, 91981, 196374.0, 192903, 236995, 266449, 291393, 309687, 47
260.001425, 4.999896, 2495, 91278, 196567.0, 192665, 234880, 262331, 289290, 313069, 44
265.001429, 5.000004, 2496, 92019, 195351.7, 192219, 227593, 256214, 299546, 317818, 43
270.001428, 4.999999, 2506, 91656, 197953.1, 193933, 238051, 261922, 309056, 314519, 40
275.001497, 5.000069, 2408, 91938, 202812.5, 196834, 252159, 282893, 313404, 353879, 42
280.001437, 4.99994, 2469, 91877, 197310.8, 193230, 238103, 270966, 296931, 321843, 42
285.001427, 4.99999, 2467, 91922, 200027.3, 194694, 246590, 274592, 312167, 324642, 38
290.00149, 5.000063, 2448, 91736, 200723.1, 195229, 249118, 276015, 308241, 315796, 49
295.001489, 4.999999, 2473, 91835, 198134.1, 193561, 242780, 268806, 297032, 308942, 43
300.001494, 5.000005, 2457, 91434, 200049.0, 195478, 244396, 280078, 314985, 332356, 35
301.033529, 1.032035, 468, 91434, 202622.9, 196731, 249566, 298610, 364625, 384733, 12
